1788 4.4
1789 10.5
1790 4.5
1791 7.5
1792 4.8
1793 10.8
1794 7.2
1795 8.2
1796 5.0
1797 27.2
1798 7.3
1799 8.7
1800 12.9
1801 33.4
1802 8.8
1803 22.1
1804 5.3
1805 11.2
1806 3.1
1807 5.5
1808 6.15
1809 8.3
1810 10.1
1811 6.6
1812 11.1
1814 5.43333333333
1815 12.8
1816 4.2
1817 7.83333333333
1818 7.5
1819 9.8
1820 4.7
1821 12.8
1822 11.6
1823 9.2
1824 6.9
1825 11.7
1826 8.7
1827 8.5
1828 6.46666666667
1829 32.2
1830 6.3
1831 9.4
1832 10.5
1833 4.7
1834 13.8
1835 3.675
1836 19.4
1837 8.6
1838 5.3
1839 3.15
1840 6.26
1841 4.7
1842 10.6
1843 11.8
1844 8.65
1845 13.9
1846 5.0
1847 7.6
1848 6.9
1849 7.4
1850 16.4
1851 18.9
1852 8.875
1853 6.3
1854 26.4
1855 15.4428571429
1856 4.7
1857 5.0
1858 5.5
1859 8.0
1860 10.6
1861 14.9
1862 35.7
1863 4.8
1864 17.95
1865 6.2
1866 5.9
1867 22.25
1868 18.0
1869 3.7
1870 8.8
1871 5.6
1872 7.71666666667
1873 14.1
1874 5.6
1875 8.2
1876 14.5
1877 11.4
1878 5.3
1879 8.0
1880 9.4
1881 4.61666666667
1882 7.94920634921
1883 7.6
1884 3.5
1885 4.4
1886 6.3
1887 5.2
1888 7.6
1889 3.6
1890 7.0
1891 27.2666666667
1892 8.7
1893 14.2
1894 8.05
1895 7.4
1896 7.68333333333
1897 7.9
1898 7.3
1899 7.9
1900 5.06666666667
1901 5.5
1902 18.3
1903 13.2666666667
1904 5.3
1905 14.4
1906 7.11619047619
1907 5.0
1908 34.8
1909 10.1
1910 18.1
1911 16.7
1912 6.6
1913 11.9
1914 8.06666666667
1915 3.9
1916 3.1
1917 8.0
1918 3.09833333333
1919 14.0
1920 7.6
1921 12.0
1922 16.2
1923 4.9
1924 7.0
1925 4.0
1926 5.6
1927 8.56666666667
1929 3.88
1930 8.3
1931 3.0
1932 2.775
1933 6.96666666667
1934 6.2
1935 13.9
1936 6.1
1937 6.6
1938 7.75
1939 12.7
1940 14.5
1941 14.2
1942 3.04166666667
1943 7.4
1944 8.8
1945 2.5
1946 4.5
1947 6.54
1948 17.0
1949 19.8
1950 8.96666666667
1951 21.4416666667
1952 5.90833333333
1953 6.74166666667
1954 9.7
1955 3.5
1956 7.3
1957 4.8
1958 17.6666666667
1959 29.2
1960 5.46666666667
1961 8.3
1962 6.525
1963 6.0
1964 20.7
1965 9.0
1966 7.5
1967 8.4
1968 14.4988095238
1969 8.7
1970 3.1
1971 3.7
1972 8.8
1973 11.7
1974 10.2666666667
1975 3.6
1976 3.94
1977 25.2
1978 7.5
1979 12.3
1980 13.3
1981 7.03333333333
1982 19.55
1983 9.3
1984 12.2
1985 13.0
1986 11.3
1987 1.0
1988 6.95
1989 3.9
1990 2.9
1991 4.4
1992 12.2
1993 5.4
1994 10.35
1995 16.4
1996 18.0
1997 3.7
1998 9.6
1999 7.33333333333
2000 15.1
2001 10.7
2002 7.7
2003 11.0
2004 24.3
2005 4.6
2006 4.66
2007 16.6
2008 4.60833333333
2009 1.355
2010 27.275
2011 7.7
2012 15.5
2013 5.0
2014 4.4
2015 4.425
2016 10.0
2017 30.5
2019 2.9
2020 10.8
2021 4.8
2022 15.1
2023 10.5
2024 9.4
2025 15.4
2026 14.4
2027 2.775
2028 3.14214285714
2029 6.15
2030 7.8
2031 3.8
2032 23.2
2033 11.0
2034 8.0
2035 5.3
2036 7.15
2037 4.375
2038 4.2
2039 8.4
2040 7.6
2041 7.1
2042 9.4
2043 4.7
2044 11.5
2045 2.88
2046 6.17579365079
2047 12.4
2048 3.16666666667
2049 11.6
2050 2.0
2051 9.1
2052 8.0
2053 9.5
2054 20.4
2055 9.9
2056 17.7
2057 20.7
2058 8.9
2059 9.9
2060 9.06666666667
2061 12.6
2062 4.5
2063 9.7
2064 16.4666666667
2065 6.53333333333
2066 15.5
2067 10.6
2068 20.1
2069 4.3
2070 8.9
2071 5.8
2072 10.5833333333
2073 4.3
2074 16.7666666667
2075 7.9
2076 1.58333333333
2077 4.06666666667
2078 10.2166666667
2079 3.98333333333
2080 4.9
2081 5.3
2082 11.2
2083 8.86666666667
2084 3.3
2085 10.0
2086 6.7
2087 17.075
2088 27.1
2089 12.8
2090 3.3
2092 4.53333333333
2093 11.0
2094 3.0
2095 11.5
2096 3.9
2097 27.0
2098 5.4
2099 16.9
2100 11.2
2101 10.4
2102 8.9
2103 5.2
2104 24.5
2105 18.5
2106 4.78
2107 3.8
2108 4.0
2109 10.6
2110 15.225
2111 12.4
2112 10.975
2113 13.7
2114 13.1
2115 7.95
2116 7.625
2117 8.66666666667
2118 6.93333333333
2119 10.3
2120 6.2
2121 4.1
2122 5.1
2123 8.38
2124 7.7
2125 6.66
2126 7.3
2127 8.4
2128 7.1
2129 18.2
2130 11.14
2131 9.4
2132 8.6
2133 22.4
2134 10.4
2135 7.7
2136 30.4
2137 7.9
2138 12.1
2139 4.0
2140 1.5
2141 9.6
2142 10.4
2143 1.79333333333
2144 14.7
2145 3.9
2146 5.6
2147 4.0
2148 17.4
2149 28.5
2150 14.56
2151 7.2
2152 16.9
2153 4.025
2154 15.9
2155 9.6
2156 9.9
2157 7.6
2158 16.8
2159 6.66666666667
2160 7.48333333333
2161 3.7
2162 10.4
2163 7.2
2164 17.2
2165 9.1
2166 4.8
2167 22.1
2168 21.1
2169 3.1
2170 14.6
2171 3.0
2172 4.0
2173 6.69166666667
2174 16.9
2175 7.6
2176 7.6
2177 6.0
2178 14.6
2179 3.53333333333
2180 3.5
2181 4.96666666667
2182 5.03333333333
2183 5.0
2184 11.0333333333
2185 4.83333333333
2186 10.3
2187 20.8
2188 16.9
2189 3.8
2190 3.6
2191 10.8
2192 3.7
2193 11.6
2194 21.6
2195 6.8
2196 11.4
2197 8.1
2198 4.84666666667
2199 4.53333333333
2200 27.0
2201 2.6
2202 6.65
2203 5.1
2204 23.1
2205 14.4
2206 28.0
2207 8.6
2208 8.4
2209 7.1
2210 3.6
2211 24.2
2212 13.325
2213 3.19166666667
2214 3.9
2215 8.7
2216 10.3
2217 1.88333333333
2218 3.8
2219 7.85
2220 7.5
2221 9.0
2222 17.525
2223 11.9
2224 15.1
2225 3.11
2226 3.7
2227 7.9
2228 3.18
2229 4.83333333333
2230 6.8
2231 5.33333333333
2232 6.4
2233 10.4
2234 6.1
2235 8.1
2236 16.7
2237 12.0
2238 6.9
2239 20.1
2240 6.33166666667
2241 3.0
2242 11.4
2243 6.1
2244 14.3
2245 14.5
2246 15.8
2247 3.9
2248 20.9
2249 15.8
2250 21.6
2251 21.6
2252 7.8
2253 6.575
2254 9.06666666667
2255 7.5
2256 24.5
2257 10.8
2258 25.3
2259 6.22
2260 4.3
2261 7.5
2262 7.9
2263 6.425
2264 2.55
2265 12.2
2266 7.21666666667
2267 4.26666666667
2268 13.0
2269 8.38666666667
2270 5.75
2271 6.94666666667
2272 8.69333333333
2273 3.0
2274 5.56
2275 4.3
2276 8.3
2277 4.6
2278 4.9
2279 23.6
2280 19.9166666667
2281 11.1
2282 7.6
2283 18.4
2284 5.3
2285 11.7
2286 18.9
2287 8.1
2288 9.3
2289 5.975
2290 5.4
2291 6.7
2292 14.75
2293 10.4
2294 4.2
2295 28.1
2296 6.6
2297 28.8
2298 4.68333333333
2299 32.2
2300 10.1
2301 39.5
2302 5.9
2303 9.475
2304 8.6
2305 8.1
2306 9.5
2307 5.93333333333
2308 7.9
2309 7.08333333333
2310 3.38
2311 3.0
2312 13.4
2313 8.1
2314 4.7
2315 3.0
2316 10.4666666667
2317 3.8
2318 9.6
2319 3.1
2320 7.415
2321 12.0833333333
2322 6.13333333333
2323 4.4
2324 27.0
2325 8.46666666667
2326 5.4
2327 10.0666666667
2328 23.3
2329 3.15
2330 14.6
2331 9.425
2332 6.23333333333
2333 34.0
2334 12.8
2335 7.1
2336 9.22666666667
2338 8.43333333333
2339 3.2
2340 17.0
2341 9.9
2342 3.73333333333
2343 5.825
2344 19.8
2345 5.0
2346 3.6
2347 19.0666666667
2348 14.14
2349 8.6
2350 3.8
2351 9.2
2352 7.4
2353 7.21666666667
2354 16.7
2355 5.49166666667
2356 7.85
2357 6.25
2358 8.0
2359 9.6
2360 5.8
2361 10.1
2362 12.8
2363 4.3
2364 7.225
2365 8.3
2366 8.95
2367 0.98
2368 16.6
2369 9.5
2370 9.13333333333
2371 10.3
2372 22.5
2373 17.05
2374 4.05
2375 5.4
2376 11.2
2377 8.1
2378 8.0
2379 2.425
2380 6.36
2382 5.6
4778 26.1
4779 12.1583333333
4780 6.26666666667
4781 7.2
4782 10.6
4783 7.8
4784 14.6
4785 8.8
4786 10.725
4787 6.0
4788 6.66666666667
4789 8.8
4790 7.2
4791 8.9
4792 6.175
4793 7.13333333333
4794 6.63333333333
4795 7.8
4796 6.61
4797 9.7
4798 4.7
4799 2.0
4800 23.2
4801 4.8
4802 7.7
4803 6.1
4804 5.8
4805 7.875
4806 4.3
4807 11.4
4808 35.4
4809 4.18333333333
4810 17.84
4811 6.5
4812 3.9
4813 9.4
4814 9.5
4815 3.8
4816 20.6
4817 9.5
4818 16.6
4819 7.3
4820 3.9
4821 3.5
4822 4.3
4823 7.3
4824 13.5
4825 4.6
4826 6.6
4827 4.2
4828 11.5
4829 6.5
4830 4.8
4831 24.7
4832 1.9
4833 18.3
4834 3.84
4835 4.4
4836 5.6
4837 35.9
4838 5.05
4839 6.8
4840 6.73
4841 5.6
4842 3.075
4843 16.9
4844 2.7
4845 6.1
4846 0.897857142857
4847 9.6
4848 18.4
4849 13.19
4850 7.2
4851 2.37
4852 7.1
4853 3.6
4854 9.75
4855 14.3
4856 6.7
4857 8.38409090909
4858 3.4
4859 4.4
4860 4.7
4861 7.58333333333
4862 7.25833333333
4863 4.4
4864 3.15
4865 12.0
4866 3.43333333333
4867 3.9
4868 21.6
4869 2.64333333333
4870 11.3666666667
4871 8.58333333333
4872 8.55
4873 10.3
4874 5.7
4875 2.40833333333
4876 11.2
4877 4.0
4878 10.0
4879 37.4
4880 5.94166666667
4881 5.8
4882 6.71
4883 10.3
4884 7.33333333333
4885 9.8
4886 3.41666666667
4887 5.0
4888 4.0775
4889 12.9
4890 5.5
4891 2.48703463203
4892 13.3
4893 4.4
4894 4.15505050505
4895 2.0
4896 7.2
4897 4.16666666667
4898 4.31547619048
4899 11.6533333333
4900 3.8
4901 9.6
4902 4.85
4903 3.8
4904 2.30751082251
4905 5.0
4906 13.8
4907 9.1
4908 3.4
4909 14.8333333333
4910 4.8
4911 7.2
4912 21.1
4913 7.5
4914 31.1
4915 8.92678571429
4916 4.0
4917 5.6
4918 4.65
4919 4.60833333333
4920 5.6
4921 3.53333333333
4922 2.3
4923 0.869047619048
4924 6.69428571429
4925 6.2
4926 7.18333333333
4927 27.0
4928 10.1
4929 12.675
4930 13.7
4931 8.075
4932 5.5
4933 26.4
4934 1.51238095238
4935 8.6
4936 3.9
4937 11.4
4938 3.3
4939 12.7
4940 5.46666666667
4941 18.4
4942 37.3
4943 4.9
4944 3.5
4945 34.0
4946 21.2
4947 19.1
4948 4.7
4949 11.9
4950 7.7
4951 7.9
4952 4.61666666667
4953 4.1
4954 28.3
4955 9.76666666667
4956 24.8
4957 5.88
4958 3.8
4959 8.9
4960 21.4
4961 2.3
4962 6.86
4963 18.1
4964 8.7
4965 7.29833333333
4966 11.9
4967 7.46666666667
4968 4.3
4969 7.7
4970 5.4
4971 4.875
4972 7.4
4973 5.85
4974 8.6
4975 34.5
4976 2.33539072039
4977 10.9666666667
4978 11.5666666667
4979 8.4
4980 10.7
4981 3.36666666667
4982 9.2
4983 32.7
4984 4.8
4985 5.5
4986 20.6
4987 15.6833333333
4988 8.15
4989 2.0
4990 4.0
4991 14.4
4992 9.1
4993 7.825
4994 2.20714285714
4995 3.1
4996 10.0
4997 30.3
4998 4.0
4999 5.6
5000 7.1
5001 7.0
5002 7.5
5003 3.1
5004 11.14
5005 13.2333333333
5006 4.15
5007 5.2
5008 6.4175
5009 7.2
5010 5.1
5011 11.1
5012 5.2
5013 7.65
5014 9.8
5015 7.1
5016 9.0
5017 12.9
5018 7.0
5019 27.8
5020 4.6
5021 3.0
5022 4.75
5023 5.10333333333
5024 4.925
5025 1.0
5026 7.37714285714
5027 6.36666666667
5028 25.8
5029 4.59333333333
5030 14.7
5031 17.9833333333
5032 18.8
5033 9.6
5034 4.07666666667
5035 5.1
5036 30.7
5037 6.7
5038 7.0
5039 4.6
5040 2.28
5041 8.2
5042 5.2
5043 8.9
5044 3.2
5045 3.7
5046 8.6
5047 10.5
5048 4.46273809524
5049 14.5
5050 3.0
5051 30.7
5052 3.5
5053 4.50238095238
5054 13.3
5055 8.2
5056 4.95
5057 6.1
5058 3.7
5059 3.9
5060 4.86380952381
5061 4.6
5062 8.8
5063 3.93333333333
5064 17.4
5065 3.7
5066 4.5
5067 5.93333333333
5068 1.45011904762
5069 6.7
5070 33.7
5071 18.1
5072 24.6
5073 40.9
5074 11.6875
5075 5.675
5076 7.2
5077 10.8
5078 9.1
5079 4.25
5080 11.1
5081 5.9
5082 4.8
5083 10.3
5084 6.7
5085 13.9
5086 12.2
5087 4.7
5088 12.5
5089 4.3
5090 8.6
5091 8.31666666667
5092 6.94666666667
5093 28.6
5094 8.8
5095 5.49166666667
5096 8.2
5097 8.0
5098 12.43
5099 10.05
5100 4.8
5101 6.8
5102 3.16
5103 4.14166666667
5104 4.0
5105 7.31666666667
5106 3.9
5107 8.65
5108 6.3
5109 3.8
5110 4.35333333333
5111 11.0
5112 19.0
5113 10.1
5114 7.46666666667
5115 8.9
5116 7.2
5117 10.1
5118 6.6
5119 9.3
5120 5.85333333333
5121 37.2
5122 10.2
5123 9.1
5124 8.55
5125 5.2
5126 4.2
5127 5.5
5128 18.3
5129 2.9
5130 7.55
5131 14.1
5132 3.05
5133 8.4
5134 3.9
5135 4.0
5136 6.0
5137 7.0
5138 5.21666666667
5139 7.2
5140 5.4
5141 4.0
5142 3.8
5143 3.7
5144 6.8
5145 5.9
5146 18.5
5147 6.46666666667
5148 8.6
5149 5.9
5150 3.8
5151 16.8
5152 9.4
5153 5.075
5154 9.6
5155 8.6
5156 3.8
5157 10.6
5158 4.73333333333
5159 4.7
5160 4.59333333333
5161 3.3
5162 11.2
5163 6.9
5164 27.5
5165 6.31428571429
5166 3.2
5167 6.50833333333
5168 12.2
5169 7.3
5170 15.3983333333
5171 2.81
5172 12.775
5173 3.6
5174 2.85
5175 8.555
5176 5.9
5177 6.0
5178 2.7
5179 8.7
5180 4.2
5181 2.43333333333
5182 3.5
5183 6.6
5184 12.2766666667
5185 16.6
5186 4.0
5187 13.2
5188 6.6
5189 7.7
5190 11.1
5191 16.4
5192 8.9
5193 15.1833333333
5194 16.6
5195 5.93333333333
5196 5.4
5197 11.0
5198 6.05
5199 9.2
5200 10.3
5201 8.0
5202 10.7666666667
5203 2.4
5204 3.69166666667
5205 5.2
5206 3.7
5207 7.9
5208 3.05
5209 20.8
5210 16.7
5211 14.2
5212 3.9
5213 3.14
5214 9.6
5215 3.7
5216 5.8
5217 8.60357142857
5218 20.2
5219 5.46666666667
5220 5.475
5221 13.75
5222 7.1
5223 6.5
5224 8.2
5225 8.6
5226 25.1
5227 7.73333333333
5228 18.1
5229 6.96666666667
5230 13.1
5231 6.9
5232 7.05
5233 4.91666666667
5234 9.1
5235 4.0
5236 1.09916666667
5237 11.2
5238 4.0
5239 3.7369047619
5240 6.5
5241 8.8
5242 14.4988095238
5243 7.8
5244 37.0
5245 10.1
5246 7.46666666667
5247 11.7
5248 3.0
5249 6.6
5250 13.7
5251 8.4
5252 12.5
5253 7.0
5254 3.87
5255 5.98888888889
5256 9.82
5257 14.45
5258 4.2
5259 4.2
5260 8.625
5261 8.9
5262 2.96666666667
5263 9.575
5264 5.56666666667
5265 3.5
5266 5.05
5267 4.9
5268 6.0
5269 22.8
5270 6.625
5271 14.8
5272 4.7
5273 2.6
5274 14.5333333333
5275 6.36666666667
5276 5.9
5277 4.62
5278 8.1
5279 7.5
5280 3.20833333333
5281 10.1
5282 24.1
5283 15.1
5284 8.0
5285 7.43666666667
5286 4.5
5287 0.966666666667
5288 4.5
5289 4.5
5290 8.09523809524
5291 10.8
5292 8.3
5293 32.8
5294 9.08888888889
5295 13.0
5296 6.8
5297 3.4
5298 4.4
5299 8.63333333333
5300 6.8
5301 7.23333333333
5302 8.8
5303 6.05
5304 5.6
5305 7.3
5306 40.6
5307 5.9
5308 7.6
5309 20.6
5310 21.4
5311 3.7
5312 6.7
5313 7.7
5314 4.375
5315 33.7
5316 8.25
5317 3.98333333333
5318 7.16666666667
5319 18.3
5320 8.6
5321 12.4
5322 5.1
5323 5.1
5324 6.35
5325 6.075
5326 10.6
5327 4.0
5328 3.6
5329 21.0
5330 4.6
5331 7.5
5332 8.0
5333 12.725
5334 33.6
5335 2.69666666667
5336 35.7
5337 5.6
5338 9.6
5339 3.6
5340 7.1
5341 8.8
5342 3.46666666667
5343 7.2
5344 8.65
5345 5.6
5346 27.1
5347 6.5
5348 30.8
5349 3.1
5350 4.4
5351 8.2
5352 6.6
5353 4.8
5354 6.5
5355 5.1
5356 10.1
5357 3.47333333333
5358 15.4
5359 3.8
5360 9.6
5361 6.0
5362 4.25
5363 8.39666666667
5364 16.4
5365 9.2
5366 12.6
5367 3.9
5368 15.7
5369 11.8
5370 6.475
5371 8.04
5372 8.3
5373 7.575
5374 7.625
5375 11.6333333333
5376 4.8
5377 14.2
7709 2.52892857143
7710 5.24787878788
7711 1.0
7712 4.33333333333
7713 7.615
7714 2.86666666667
7715 14.4
7716 2.0
7717 2.8
7718 1.0
7719 4.41088189588
7720 0.97
7721 1.26428571429
7722 2.86666666667
7723 2.27166666667
7724 8.1
7725 1.26
7726 6.0
7727 2.59393939394
7728 2.22678571429
7729 2.55
7730 3.0
7731 8.7
7732 2.85904761905
7733 3.36916666667
7734 1.81166666667
7735 3.41428571429
7736 11.1
7737 3.075
7738 7.29619047619
7739 0.445021645022
7740 1.09023809524
7741 2.23619047619
7742 0.245066306243
7743 1.41833333333
7744 2.4480952381
7745 5.6
7746 0.681535131535
7747 2.7
7748 3.65
7749 3.775
7750 5.22698412698
7751 6.24428571429
7752 2.59833333333
7753 0.842857142857
7754 14.75
7755 5.76666666667
7756 2.80333333333
7757 0.966666666667
7758 4.0
7759 2.24670995671
7760 0.693015734266
7761 2.39833333333
7762 4.16666666667
7763 11.7966666667
7764 2.325
7765 2.27714285714
7766 3.78555555556
7767 7.8675
7768 11.6
7769 4.91666666667
7770 6.66
7771 13.64
7772 1.05972222222
7773 7.8675
7774 3.7
7775 7.7
7776 1.385
7777 1.0
7778 2.0
7779 2.19714285714
7780 4.83333333333
7781 1.76214285714
7782 4.43333333333
7783 3.2
7784 3.9
7785 3.98313492063
7786 3.1
7787 1.69918831169
7788 0.279444444444
7789 6.62833333333
7790 0.785714285714
7791 3.74
7792 1.60642857143
7793 7.775
7794 1.69714285714
7795 1.0
7797 5.21130952381
7798 2.74833333333
7799 1.65
7800 2.405
7801 0.0
7802 10.75
7803 0.989166666667
7804 0.8
7805 13.2216666667
7806 0.220238095238
7807 5.75833333333
7808 5.89166666667
7809 2.73916666667
7810 6.245
7811 5.15
7812 3.1
7813 1.96666666667
7814 1.17206349206
7815 5.2
7816 14.6625
7817 1.925
7818 0.770476190476
7819 2.2280952381
7820 9.1
7821 1.925
7822 1.63666666667
7823 2.0
7824 4.95
7825 10.92
7826 3.21333333333
7827 2.0
7828 1.0
7829 9.6
7830 5.26714285714
7831 3.0
7832 1.0
7833 3.18
7834 0.691904761905
7835 6.9730952381
7836 3.55888888889
7837 0.957738095238
7838 11.0
7839 5.04
7840 3.0
7841 1.63
7842 1.355
7843 2.45391774892
7844 2.6325
7845 3.3
7846 3.84666666667
7847 0.850677476119
7848 1.32476190476
7849 1.78232323232
7850 3.38333333333
7851 3.8
7852 2.59333333333
7853 6.255
7854 14.1
7855 2.01666666667
7856 3.0
7857 0.686971916972
7858 1.93333333333
7859 2.0
7860 0.957380952381
7861 3.33333333333
7862 3.205
7863 1.06916666667
7864 0.876587301587
7865 7.75
7866 4.67761904762
7867 5.70166666667
7868 3.89388888889
7869 2.31333333333
7870 6.41333333333
7871 3.0
7872 2.88943639694
7873 2.0
7874 2.1294047619
7875 3.4
7876 3.6
7877 2.09
7878 3.89166666667
7879 0.450238095238
7880 0.245066306243
7881 1.125
7883 1.78452380952
7884 1.87666666667
7885 1.38873626374
7886 4.7
7887 5.93365079365
7888 4.0
7889 3.08285714286
7890 3.29666666667
7891 3.0
7892 0.850677476119
7893 4.11833333333
7894 2.69666666667
7895 5.01111111111
7896 8.61666666667
7897 6.96666666667
7898 0.785
7899 3.85
7900 2.42294705295
7901 5.9
7902 2.73916666667
7903 3.46166666667
7904 3.02857142857
7905 0.436483516484
7906 6.67272366522
7907 1.54090909091
7908 8.16666666667
7909 10.92
7910 4.05
7911 4.29365079365
7912 1.4946031746
7913 2.0
7914 1.3
7915 5.59928571429
7916 0.776666666667
7917 1.01349206349
7918 2.56666666667
7919 0.45
7920 3.8
7921 2.655
7922 2.55
7923 0.925
7924 1.18262265512
7925 8.65757575758
7926 1.2
7927 7.04
7928 3.0
7929 2.23619047619
7930 7.3
7931 2.53333333333
7932 1.9
7933 0.914047619048
7934 2.94
7935 0.811706349206
7936 7.73333333333
7937 1.42
7938 0.613333333333
7939 12.4
7940 1.83619047619
7941 3.84694749695
7942 2.15
7943 10.619047619
7944 3.6169047619
7945 8.3129004329
7946 1.20038461538
7947 1.00833333333
7948 4.20166666667
7950 9.71666666667
7951 2.32297619048
7952 3.5
7953 2.6
7954 4.75871212121
7955 2.295
7956 2.215
7957 3.88
7958 3.21666666667
7959 2.7
7960 2.75777777778
7961 4.34464285714
7962 5.69166666667
7963 2.25
7964 1.60253968254
7965 4.87916666667
7966 1.98
7967 2.02373015873
7968 3.23333333333
7969 3.3
7970 1.0
7971 2.31142857143
7972 3.75
7973 9.74
7974 1.01770673771
7975 4.5
7976 3.3127020202
7977 8.56666666667
7978 3.75
7979 3.06666666667
7980 7.58333333333
7981 2.32261904762
7982 0.0
7983 3.0
7984 0.869047619048
7985 2.85
7986 12.2333333333
7987 4.39633838384
7988 1.43630952381
7989 8.61666666667
7990 4.85
7991 0.975
7992 7.35833333333
7993 0.367261904762
7994 0.85119047619
7995 3.15581501832
7996 6.12404761905
7997 6.08666666667
7998 2.25706959707
7999 5.02666666667
8000 1.69
8001 4.8825
8002 10.8083333333
8003 1.37619047619
8004 4.83055555556
8005 9.8
8006 0.245066306243
8007 1.72587301587
8008 1.82055555556
8009 3.29666666667
8010 2.15
8011 4.86380952381
8012 3.03333333333
8013 2.09
8014 6.12297979798
8015 3.34
8016 3.85
8017 4.075
8018 7.92861111111
8019 0.9
8020 2.55
8021 2.79666666667
8022 8.405
8023 2.43333333333
8024 1.41230880231
8025 2.0575
8026 2.15
8027 1.65833333333
8028 3.81797619048
8029 7.85666666667
8030 9.29523809524
8031 0.450238095238
8032 3.96055555556
8033 2.25902417027
8034 3.47333333333
8035 7.34
8036 4.83055555556
8037 3.00801587302
8038 1.07
8039 1.86666666667
8040 2.9
8041 10.5911111111
8042 3.0
8044 3.89388888889
8045 2.33539072039
8046 0.569206349206
8047 1.01770673771
8048 1.32380952381
8049 2.93068181818
8050 2.15333333333
8051 3.61666666667
8052 2.73166666667
8053 2.5
8054 4.93166666667
8055 2.8
8056 7.8375
8057 2.36615800866
8058 3.39571428571
8059 1.0
8060 4.68376623377
8061 1.63333333333
8062 7.26666666667
8063 1.02
8064 8.65
8065 4.68376623377
8066 3.75
8067 1.05120823621
8068 6.99333333333
8069 1.84119047619
8070 2.06
8071 0.908333333333
8072 2.43214285714
8073 4.9
8074 2.31666666667
8075 1.06916666667
8077 2.08333333333
8078 2.1725
8079 2.09
8080 3.65
8081 0.758333333333
8082 1.08333333333
8083 8.555
8084 0.88869047619
8085 2.00333333333
8086 2.09
8087 0.572738095238
8088 2.1
8089 8.8
8090 9.50833333333
8091 3.9
8092 3.36916666667
8093 0.834539161819
8094 1.3125
8095 0.620714285714
8096 3.5
8097 1.06916666667
8098 2.9
8099 0.367261904762
8100 5.94028138528
8101 3.34666666667
8102 2.55833333333
8103 3.8
8104 2.52083333333
8105 0.2
8106 2.07606060606
8107 4.59333333333
8108 2.27714285714
8109 2.74333333333
8110 2.925
8111 12.0
8112 0.806944444444
8113 3.9
8114 5.19
8115 2.25706959707
8116 10.5833333333
8117 2.64
8118 0.961547619048
8119 0.8
8120 0.49119047619
8121 1.74071428571
8122 0.961547619048
8123 0.533333333333
8124 0.925
8125 4.0
8126 1.73357142857
8127 5.14166666667
8128 4.77
8129 3.0
8130 2.2
8131 3.0
8132 5.04027777778
8133 1.01770673771
8134 1.48083333333
8135 5.22
8136 4.6
8137 1.14
8138 5.40888888889
8139 8.21
8140 4.3
8141 1.88333333333
8142 1.55261904762
8143 2.9
8144 3.33714285714
8145 6.07976190476
8146 4.0
8147 3.175
8148 4.25
8149 4.0
8150 1.50404761905
8151 2.0
8152 3.91348124098
8153 10.2702380952
8154 4.39633838384
8155 2.35
8156 2.39166666667
8157 1.39047619048
8158 4.195
8159 0.0
8160 5.52299422799
8161 2.26
8162 2.5
8163 1.59
8164 1.84119047619
8165 4.5
8166 3.7369047619
8167 5.35
8168 8.63333333333
8169 0.613333333333
8170 3.1
8171 4.34464285714
8172 10.7333333333
8173 2.83166666667
8174 15.2666666667
8175 2.65666666667
8176 3.0
8177 6.06666666667
8178 3.10611111111
8179 1.88
8180 5.04166666667
8181 5.4
8182 4.54738095238
8184 4.2
8185 3.0
8186 1.80619047619
8187 3.45
8188 2.1725
8189 6.83467948718
8191 3.68166666667
8192 2.925
8193 2.25902417027
8194 2.23619047619
8195 4.0
8196 2.675
8197 5.0317030192
8198 1.60833333333
8199 1.17206349206
8200 5.42
8201 1.77
8202 1.41833333333
8203 9.40166666667
8204 0.6
8205 10.2330952381
8206 5.59928571429
8207 2.25706959707
8208 8.92678571429
8209 1.54090909091
8210 3.5
8211 6.22079365079
8212 3.6
8213 2.0
8214 3.8
8215 1.26674603175
8216 11.5333333333
8217 2.39833333333
8218 1.46
8219 0.437359307359
8220 0.445021645022
8221 5.3
8222 3.96055555556
8223 10.0333333333
8224 1.97774114774
8225 1.47333333333
8226 0.895476190476
8227 6.245
8228 6.56666666667
8229 3.5
8230 7.0
8231 7.75
8232 6.125
8233 3.45
8234 2.775
8235 2.215
8236 11.1333333333
8237 4.15
8238 1.0
8239 2.31666666667
8240 0.693015734266
8241 8.10476190476
8242 5.04027777778
8243 3.37523809524
8244 0.389657842158
8245 3.40302808303
8246 3.95
8247 3.84
8248 0.925
8249 2.55666666667
8250 4.67333333333
8251 1.60253968254
8252 1.14
8253 7.58333333333
8254 1.82738095238
8255 3.9875
8256 1.0
8257 1.97333333333
8258 1.01071428571
8259 2.0
8260 10.3
8261 4.99047619048
8262 4.865
8263 0.776504329004
8264 1.075
8265 2.85619047619
8266 8.62
8267 6.85333333333
8268 3.76388888889
8269 3.0
8270 0.934408369408
8271 2.1294047619
8272 2.27666666667
8273 2.32297619048
8274 2.42937229437
8275 3.0
8276 6.36666666667
8277 3.0
8279 4.10071428571
8280 3.4
8281 3.28095238095
8282 3.14
8283 6.05
8284 6.22079365079
10643 2.93333333333
10644 0.512953296703
10645 4.45261904762
10646 5.99138888889
10647 7.0
10648 0.952307692308
10649 1.925
10650 1.88
10651 2.41666666667
10652 0.779047619048
10653 2.5680952381
10654 4.6
10655 1.09916666667
10656 1.84119047619
10657 2.295
10658 3.92380952381
10659 1.73333333333
10660 5.21666666667
10661 2.48333333333
10662 0.821428571429
10663 0.0
10664 2.25706959707
10665 0.535714285714
10666 1.42
10667 2.83166666667
10668 2.02373015873
10669 2.41666666667
10670 17.65
10671 3.0
10672 1.54090909091
10673 1.17357142857
10674 1.76333333333
10675 3.0
10676 5.87
10677 19.1
10678 0.389657842158
10679 3.61666666667
10680 1.825
10681 2.52166666667
10682 0.218831168831
10683 1.91
10684 1.8
10685 2.30444444444
10686 1.05222222222
10687 4.03528138528
10688 5.38666666667
10689 3.40302808303
10690 6.41333333333
10691 2.7
10692 2.00928571429
10693 2.82563492063
10694 0.85119047619
10695 14.0035714286
10696 2.0
10697 10.92
10698 7.0
10699 2.30751082251
10700 6.56666666667
10701 3.0
10702 1.73935064935
10703 1.79976190476
10704 1.20380952381
10705 0.279444444444
10706 6.65666666667
10707 1.79333333333
10708 5.19
10709 0.671850649351
10710 1.73209235209
10711 0.98
10712 2.74416666667
10713 0.346666666667
10714 0.586666666667
10715 8.65757575758
10716 0.9
10717 2.43214285714
10718 4.52
10719 7.23333333333
10720 3.3275
10721 1.95
10722 2.62023809524
10723 2.00333333333
10724 1.005
10725 1.0
10726 3.19333333333
10727 4.23928571429
10728 1.615
10729 0.0
10730 12.6128571429
10731 1.59916666667
10732 4.7125
10733 4.0
10734 0.989166666667
10735 1.0
10736 4.49166666667
10737 2.03428571429
10738 1.1
10739 2.25902417027
10740 7.475
10741 3.0
10742 1.76333333333
10743 2.88333333333
10744 0.883333333333
10745 1.27232323232
10746 5.47277777778
10747 0.785714285714
10748 2.3069047619
10749 1.83619047619
10750 0.819404761905
10751 5.18666666667
10752 0.772297979798
10753 1.27035714286
10754 2.215
10755 4.6
10756 0.408333333333
10757 0.975
10758 2.39833333333
10759 8.1
10760 0.591111111111
10761 2.1219047619
10762 3.46166666667
10763 1.41230880231
10764 1.38873626374
10765 1.06916666667
10766 5.05
10767 1.3929040404
10768 1.53333333333
10769 6.2
10770 0.961547619048
10771 2.68214285714
10772 2.0
10773 3.45714285714
10774 1.05222222222
10775 2.82357142857
10776 2.73333333333
10777 8.21
10778 5.23842907093
10779 0.686971916972
10780 8.555
10781 5.18333333333
10782 7.205
10783 7.06666666667
10784 0.811706349206
10785 4.24
10786 1.72587301587
10787 0.255
10788 1.19761904762
10789 9.03047619048
10790 3.01888888889
10791 3.1
10792 0.576108058608
10793 3.2
10794 2.62023809524
10795 1.66666666667
10796 1.45238095238
10797 0.429285714286
10798 2.4081041181
10799 2.0
10800 1.0
10801 5.76666666667
10802 2.0
10803 4.5
10804 3.0
10805 0.4
10806 3.25
10807 1.34833333333
10808 14.2
10809 3.09833333333
10810 10.2
10811 2.14666666667
10812 2.81
10813 6.83467948718
10814 1.9
10815 1.19761904762
10816 0.84880952381
10817 2.64333333333
10818 0.311233766234
10819 0.576108058608
10820 5.14722222222
10821 6.07976190476
10822 4.46273809524
10823 1.2
10824 2.22678571429
10825 4.67333333333
10826 6.45948412698
10827 2.0
10828 1.82110042735
10829 7.43333333333
10830 7.46666666667
10831 1.05090909091
10832 0.512953296703
10833 2.01
10834 9.37797619048
10835 1.81166666667
10836 2.32333333333
10837 1.95
10838 1.44404761905
10839 2.31142857143
10840 6.825
10841 2.0
10842 2.78333333333
10843 5.8
10844 0.758333333333
10845 1.85238095238
10846 6.7
10847 1.42
10848 2.79666666667
10849 0.876587301587
10850 1.45011904762
10851 2.26
10852 1.85450549451
10853 3.18
10854 3.13333333333
10855 2.72916666667
10856 5.70166666667
10857 2.0
10858 1.66666666667
10859 3.41666666667
10860 4.35833333333
10861 3.1
10862 1.33333333333
10863 3.33714285714
10864 2.33333333333
10866 5.69166666667
10867 1.18166666667
10868 0.934408369408
10869 3.4
10870 3.92
10871 5.39738095238
10872 7.42702380952
10873 0.408333333333
10874 3.52857142857
10875 1.52869047619
10876 3.5
10877 5.26714285714
10878 3.88166666667
10879 1.34444444444
10880 2.01
10881 2.53333333333
10882 0.13
10883 3.41666666667
10884 5.82912698413
10885 9.88333333333
10886 1.325
10887 3.95714285714
10888 3.45166666667
10889 2.8
10890 8.9
10891 1.0
10892 0.817380952381
10893 3.38333333333
10894 0.895
10895 2.25902417027
10896 2.0
10897 5.09
10898 4.86666666667
10899 4.39633838384
10900 6.41333333333
10901 5.695
10902 0.535714285714
10903 1.74071428571
10904 1.06666666667
10905 0.85119047619
10906 2.10449346405
10907 3.4
10908 1.0
10909 1.35625874126
10910 1.325
10911 1.52869047619
10912 0.706666666667
10913 0.977662337662
10914 3.30083333333
10915 8.95833333333
10916 7.86476190476
10917 1.79976190476
10918 1.37083333333
10919 8.62166666667
10920 1.75
10921 3.0
10922 0.785
10923 15.9
10924 1.63
10925 2.2280952381
10926 2.34166666667
10927 1.43507936508
10928 1.32476190476
10929 9.51626984127
10930 8.23333333333
10931 7.69722222222
10932 3.45
10933 2.0
10934 0.785714285714
10935 2.22523809524
10936 10.3208333333
10937 1.41230880231
10938 2.3
10939 6.10666666667
10940 0.957738095238
10941 6.96666666667
10942 10.2330952381
10943 0.98
10944 2.27714285714
10945 2.4725
10946 6.215
10947 2.0
10948 6.56666666667
10949 3.18888888889
10950 10.1
10951 5.0
10952 1.38
10953 0.616150793651
10954 1.32412698413
10955 4.87916666667
10956 2.72916666667
10957 3.43333333333
10958 2.0
10959 1.83
10960 5.32619047619
10961 5.10833333333
10962 1.09696969697
10963 4.03333333333
10964 2.53333333333
10965 4.74333333333
10966 3.205
10967 3.0
10968 2.36857142857
10969 8.8
10970 3.43492063492
10971 8.65757575758
10972 1.78232323232
10973 2.265
10974 2.6375
10975 2.46666666667
10976 2.28857142857
10977 5.09166666667
10978 0.806944444444
10979 0.806666666667
10980 6.03632478632
10981 0.842857142857
10982 6.1
10983 3.58888888889
10984 2.15333333333
10985 2.7
10986 2.7
10987 1.38873626374
10988 2.66333333333
10989 2.83166666667
10990 2.85
10991 0.681535131535
10992 20.55
10993 0.367261904762
10994 1.19920634921
10995 3.06333333333
10996 1.425
10997 1.84119047619
10998 2.36615800866
10999 2.51666666667
11000 3.8
11001 0.436483516484
11002 2.73333333333
11003 2.64166666667
11004 3.14261904762
11005 2.0
11006 3.0
11007 2.35
11008 3.1
11009 0.9875
11010 1.96666666667
11011 0.445021645022
11012 2.9375
11013 2.73333333333
11014 0.758333333333
11015 2.82563492063
11016 2.435
11017 10.2330952381
11018 2.15444444444
11019 2.7258974359
11020 0.96
11022 6.54416666667
11023 2.22523809524
11024 2.80144300144
11025 2.0
11026 8.65757575758
11027 2.0
11028 13.1333333333
11030 1.01
11031 3.20833333333
11032 3.175
11033 1.075
11034 7.71619047619
11035 8.21
11036 3.3
11037 2.16333333333
11038 1.92666666667
11039 1.43333333333
11040 1.91666666667
11041 3.87857142857
11042 2.8
11043 2.24670995671
11044 1.36666666667
11045 0.512953296703
11046 1.02
11047 2.0
11048 0.346666666667
11049 0.78
11050 2.325
11051 2.0
11052 1.72666666667
11053 3.19333333333
11054 0.245066306243
11055 2.03483516484
11056 1.3325
11057 3.0
11058 14.4
11059 4.175
11060 1.79333333333
11061 0.869047619048
11062 7.61666666667
11063 1.0
11064 1.41641025641
11065 1.0
11066 1.3
11067 2.51
11068 2.85
11069 2.0
11070 3.41666666667
11071 0.576108058608
11072 3.0
11073 1.32380952381
11074 1.34833333333
11075 6.325
11076 1.17206349206
11077 4.0
11078 1.9
11079 1.345
11080 1.79333333333
11081 3.85833333333
11082 0.88
11083 1.05222222222
11084 0.245066306243
11085 2.22523809524
11086 1.17206349206
11087 0.512953296703
11088 0.961547619048
11089 1.14
11090 7.25
11091 2.6
11092 5.415
11093 0.819404761905
11094 6.24428571429
11095 4.49166666667
11096 2.0
11097 2.64
11098 2.0
11099 1.85238095238
11100 8.74333333333
11101 6.7
11102 8.76011904762
11103 2.27287851038
11104 13.2
11105 3.3127020202
11106 2.36615800866
11107 0.4
11108 1.75595238095
11109 0.616150793651
11110 3.76388888889
11111 0.97
11112 2.0
11113 2.84158730159
11114 4.7
11115 2.99090909091
11116 1.69714285714
11117 3.09119047619
11118 3.01148268398
11119 1.36666666667
11120 3.0
11121 2.7
11122 1.79333333333
11123 3.15
11124 4.91666666667
11125 0.813333333333
11126 1.43580891331
11127 1.16642857143
11128 2.22523809524
11129 5.03055555556
11130 1.30914391164
11131 1.05090909091
11132 9.29523809524
11133 8.22142857143
11134 0.9875
11135 0.408333333333
11136 2.02497474747
11137 1.84833333333
11138 9.41666666667
11139 1.0
11140 3.67857142857
11141 1.0
11142 2.95
11143 9.37797619048
11144 5.59928571429
11145 1.48083333333
11146 0.776504329004
11147 2.35333333333
11148 1.05
11149 1.52619047619
11150 1.75
11151 6.22079365079
11152 2.41166666667
11153 2.48166666667
11154 5.2
11155 3.0
11156 2.56666666667
11157 0.346666666667
11158 2.27714285714
11159 2.64333333333
11160 2.32916666667
11161 2.03333333333
11162 3.0
11163 2.79583333333
11164 1.59067460317
11165 1.98571428571
11166 1.07083333333
11168 1.46880952381
11169 4.44
11170 1.73935064935
11171 6.15
11172 5.02
11173 1.84119047619
11174 1.61666666667
11175 2.7258974359
11176 3.0
11177 2.4
11178 5.32619047619
11179 2.36615800866
11180 2.25706959707
11181 1.07
11183 3.05
11184 2.09
11185 1.01071428571
11186 2.14166666667
11187 2.49523809524
11188 1.05277777778
11189 2.73916666667
11190 2.95
11191 1.43
11192 3.1
11193 8.3129004329
11194 4.41088189588
11195 2.0
11196 1.84119047619
11197 6.24428571429
11198 4.45261904762
11199 2.45391774892
11200 0.333333333333
11201 2.0
11203 2.52369047619
11204 2.0
11205 1.19761904762
11206 13.3
11207 2.78361111111
11208 6.03333333333
11209 0.681535131535
11210 1.8
11211 4.83333333333
11212 2.43333333333
11213 2.95
11214 2.26
11215 1.0
11216 1.6
11217 1.99166666667
11218 0.834539161819
11219 1.02
11220 3.89388888889
11221 5.39369047619
11222 4.0
11223 1.19920634921
11224 3.0
11225 0.766666666667
11226 1.37619047619
11227 2.83166666667
11228 3.205
11229 0.367261904762
11230 3.95
11231 1.27232323232
11232 2.22523809524
11233 4.45
11234 2.74333333333
13632 6.12297979798
13633 17.2
13634 2.8
13635 1.225
13636 6.325
13637 0.895476190476
13638 3.63333333333
13639 3.6
13640 3.10611111111
13641 14.1
13642 1.42
13643 2.90595238095
13644 3.4
13645 8.67333333333
13646 1.9
13647 2.4081041181
13648 2.77333333333
13649 3.325
13650 6.19
13651 0.961547619048
13652 2.24993506494
13653 2.07606060606
13654 1.8
13655 1.5
13656 3.6
13657 2.24670995671
13658 8.8
13659 2.23916666667
13660 22.7
13661 4.67333333333
13662 1.43
13663 13.9
13664 2.29583333333
13665 16.2
13666 2.0
13667 7.73333333333
13668 2.0
13669 13.9
13670 23.25
13671 3.9
13672 2.35333333333
13673 3.45
13674 3.84666666667
13675 1.78232323232
13676 11.05
13677 5.5
13678 8.3
13679 1.69714285714
13680 7.075
13681 3.0
13682 5.1
13683 3.25
13684 8.95833333333
13685 1.73357142857
13686 3.125
13687 5.37916666667
13688 7.4275
13689 13.8
13690 14.5
13691 4.02718253968
13692 6.6
13693 7.7
13694 5.8
13695 1.665
13696 3.5
13697 0.676666666667
13698 2.00928571429
13699 1.0
13700 7.5
13701 2.0
13702 3.0
13703 6.175
13704 1.02
13705 2.02666666667
13706 3.6
13707 6.0
13708 1.31166666667
13709 3.205
13710 3.5
13711 2.88333333333
13712 1.75756493506
13713 2.9
13714 9.0
13715 3.52857142857
13716 2.4725
13717 7.8
13718 1.56
13719 1.33333333333
13720 10.9466666667
13721 10.2702380952
13722 8.6
13723 11.325
13724 19.0
13725 5.5
13726 5.0
13727 3.07
13728 3.8
13729 7.16023809524
13730 5.57833333333
13731 2.1
13732 4.8
13733 2.9
13734 1.0
13735 14.62
13736 14.4466666667
13737 2.725
13738 4.63
13739 16.6
13740 9.43166666667
13741 6.48
13742 1.91666666667
13743 4.99833333333
13744 4.7
13745 2.0
13746 3.335
13747 0.429285714286
13748 1.34444444444
13749 3.1
13750 1.30914391164
13751 2.575
13752 3.125
13753 11.95
13754 2.5
13755 2.0
13756 1.36428571429
13757 8.69333333333
13758 2.0275
13759 1.0
13760 9.2
13761 3.85
13762 3.41142857143
13763 6.95
13764 3.6
13765 3.0
13766 3.4430952381
13767 9.9
13768 5.6
13769 5.75
13770 9.43166666667
13771 11.1166666667
13772 3.2
13773 3.15581501832
13774 3.66666666667
13775 4.4
13776 2.15333333333
13777 3.55833333333
13778 7.0
13779 5.56666666667
13780 17.8
13781 4.0
13782 4.6
13783 17.0
13784 2.32666666667
13785 3.35833333333
13786 1.26666666667
13787 6.03632478632
13788 2.96666666667
13789 2.1
13790 10.8333333333
13791 2.815
13792 2.37067460317
13793 1.66666666667
13794 3.6580952381
13795 4.4
13796 11.8
13797 5.18666666667
13798 9.18333333333
13799 1.97774114774
13800 2.85
13801 3.85
13802 2.0
13803 2.0
13804 1.79047619048
13805 3.3
13806 1.27232323232
13807 4.2
13808 2.18274891775
13809 3.76333333333
13810 7.5
13811 2.0
13812 4.46666666667
13813 7.175
13814 4.0
13815 7.6
13816 4.31547619048
13817 2.21666666667
13818 2.20416666667
13819 6.03333333333
13820 2.25416666667
13821 8.555
13822 2.73333333333
13823 2.73916666667
13824 6.12404761905
13825 4.80285714286
13826 12.3
13827 1.4
13828 3.55
13829 3.87857142857
13830 0.934408369408
13831 2.89285714286
13832 7.75
13833 2.24
13834 6.91246031746
13835 7.2
13836 1.9
13837 4.5
13838 2.1
13839 1.0
13840 4.67692307692
13841 2.3
13842 4.7
13843 8.0
13844 5.96666666667
13845 7.7119047619
13846 1.63666666667
13847 11.6
13848 18.8833333333
13849 10.4
13850 4.41666666667
13851 3.85
13852 4.525
13853 5.525
13854 7.8
13855 8.38409090909
13856 3.43333333333
13857 2.0
13858 0.855
13859 7.88
13860 0.445021645022
13861 2.03305555556
13862 7.43333333333
13863 6.93333333333
13864 0.45
13865 2.01
13866 6.69
13867 2.0
13868 0.88869047619
13869 3.925
13870 2.36
13871 2.65
13872 1.5
13873 6.98333333333
13874 3.83571428571
13875 2.9
13876 2.2
13877 2.77095238095
13878 14.6
13879 1.43
13880 3.0
13881 2.28857142857
13882 3.09833333333
13883 3.6
13884 2.0
13885 3.83571428571
13886 1.0
13887 3.84
13888 1.1
13889 3.03123376623
13890 2.01666666667
13891 2.32916666667
13892 1.32166666667
13893 2.7
13894 5.0219047619
13895 1.1
13896 2.0775
13897 6.36666666667
13898 2.36666666667
13899 1.18166666667
13900 5.4
13901 3.08666666667
13902 4.1575
13903 2.88333333333
13904 2.1
13905 1.75880952381
13906 7.87333333333
13907 2.925
13908 1.69
13909 2.51
13910 3.0
13911 3.38
13912 9.21666666667
13913 10.6333333333
13914 2.27166666667
13915 10.7
13916 1.9
13917 6.1
13918 3.6
13919 4.1380952381
13920 1.85238095238
13921 13.65
13922 2.93333333333
13923 5.04027777778
13924 2.78333333333
13925 3.98313492063
13926 8.18047619048
13927 1.66333333333
13928 3.0
13929 2.65
13930 1.43580891331
13931 2.83166666667
13932 2.14638888889
13933 2.0
13934 3.95714285714
13935 6.0
13936 3.58333333333
13937 1.7119047619
13938 1.5
13939 10.92
13940 3.0
13941 2.61428571429
13942 1.78232323232
13943 2.0
13944 2.525
13945 6.2
13946 3.8
13947 4.825
13948 2.15333333333
13949 3.15
13950 6.425
13951 6.56666666667
13952 6.24428571429
13953 10.5833333333
13954 2.69666666667
13955 4.865
13956 8.61833333333
13957 2.675
13958 1.71166666667
13959 8.4
13960 2.1
13961 14.4
13962 2.00928571429
13963 1.64166666667
13964 7.39555555556
13965 9.03047619048
13966 1.79333333333
13967 0.0
13968 2.88666666667
13969 2.4
13970 11.6
13971 1.0
13972 2.0775
13973 2.18238095238
13974 6.2
13975 2.0
13976 3.0
13977 6.5
13978 9.18333333333
13979 2.0125
13980 10.3
13981 11.82
13982 8.7
13983 11.5
13984 1.09242063492
13985 1.26428571429
13986 2.81333333333
13987 3.0
13988 2.0
13989 3.0
13990 8.3
13991 9.4
13992 0.97
13993 7.7
13994 7.42702380952
13995 9.08333333333
13996 1.55
13997 2.89285714286
13998 0.925
13999 8.66666666667
14000 3.5
14001 4.39
14002 4.2
14003 1.12873015873
14004 0.908333333333
14005 2.14166666667
14006 2.0
14007 7.075
14008 3.18
14009 13.2
14010 1.3325
14011 2.2
14012 14.3366666667
14013 1.23666666667
14014 1.64484432234
14015 1.46666666667
14016 1.0
14017 1.69918831169
14018 2.3
14019 1.74071428571
14020 1.425
14021 3.1
14022 2.1
14023 6.96833333333
14024 2.96666666667
14025 2.0
14026 4.41666666667
14027 5.0
14028 4.75858585859
14029 5.1
14030 5.30293650794
14031 2.405
14032 12.615
14033 3.8
14034 2.99090909091
14035 2.85
14036 0.97
14037 16.2
14038 1.73357142857
14039 2.24670995671
14040 2.925
14041 2.16666666667
14042 2.14166666667
14043 2.5219047619
14044 1.0
14045 19.2
14046 7.2
14047 4.92166666667
14048 0.96
14049 7.25
14050 0.772297979798
14051 1.26666666667
14052 5.1
14053 9.8
14054 3.0
14055 4.46666666667
14056 4.2
14057 7.04
14058 3.5825
14059 3.01148268398
14060 2.0
14061 5.2
14062 2.39833333333
14063 5.26666666667
14064 4.83055555556
14065 1.72587301587
14066 2.1294047619
14067 8.0
14068 6.53333333333
14069 1.0
14070 1.83619047619
14071 6.2
14072 3.61666666667
14073 1.96666666667
14074 4.1
14075 3.76333333333
14076 2.22007936508
14077 3.34
14078 1.5
14079 1.6869047619
14080 4.0
14081 4.6
14082 2.4081041181
14083 5.055
14084 15.6
14085 1.93333333333
14086 2.0
14087 0.925
14088 1.79047619048
14089 4.975
14090 1.73357142857
14091 0.389657842158
14092 2.43214285714
14093 5.9
14094 3.73333333333
14095 3.9
14096 1.69583333333
14097 0.883748473748
14098 4.995
14099 5.73333333333
14100 1.95
14101 0.957738095238
14102 14.175
14103 4.3
14104 1.84833333333
14105 3.92380952381
14106 13.2
14107 4.4
14108 1.78232323232
14109 2.0
14110 3.0
14111 2.30751082251
14112 6.6
14113 9.96666666667
14114 13.3666666667
14115 2.55
14116 4.39651515152
14117 4.00285714286
14118 1.45238095238
14119 4.33238095238
14120 14.2
14121 2.53333333333
14122 2.47333333333
14123 7.63333333333
14124 2.44333333333
14125 1.21666666667
14126 5.5
14127 2.32916666667
14128 1.54
14129 3.20833333333
14130 1.58333333333
14131 9.7
14132 3.6169047619
14133 3.16166666667
14134 5.08142857143
14135 6.65833333333
14136 13.2
14137 1.55261904762
14138 1.88333333333
14139 2.8
14140 0.346666666667
14141 2.9
14142 1.48083333333
14143 2.0
14144 9.08333333333
14145 3.6
14146 14.2
14147 2.0
14148 4.0
14149 3.1
14150 4.4
14151 7.1
14152 3.08
14153 3.66666666667
14154 3.58888888889
14155 0.813333333333
14156 2.07606060606
14157 6.7
14158 6.8819047619
14159 3.78555555556
14160 2.35119047619
14161 0.770476190476
14162 0.876587301587
14163 2.37611111111
14164 8.9
14165 2.69666666667
14166 3.55888888889
14167 7.1
14168 0.686971916972
14169 2.56666666667
14170 4.95
14171 5.0
14172 2.0
14173 9.02833333333
14174 7.38333333333
14175 3.32619047619
14176 14.7
14177 3.8
14178 1.51238095238
14179 10.2223565324
14180 11.1
14181 1.46833333333
14182 5.0317030192
14183 6.6
14184 4.4
14185 1.385
14186 6.45948412698
14187 3.2
14188 6.16666666667
14189 2.9
14190 3.145
14191 2.9
14192 3.3
14193 1.2
14194 5.03055555556
14195 3.87
14196 1.65
14197 3.99166666667
14198 2.0
14199 2.17
14200 2.78361111111
14201 2.43333333333
14202 2.48333333333
14203 1.90333333333
14204 11.5866666667
14205 3.79047619048
14206 8.65
14207 3.0
14208 4.14183982684
14209 4.2
14210 5.04
14211 1.23666666667
14212 2.265
14213 2.73833333333
14214 5.38666666667
14215 2.09
14216 2.8
14217 7.1
14218 6.245
14219 10.2
14220 4.175
14221 6.5
14222 4.4
14223 2.66333333333
14224 12.5
14225 1.43333333333
14226 9.6
14227 9.46
14228 9.86666666667
14229 11.3666666667
14230 3.8
14231 1.01
14232 3.45
16634 2.31142857143
16635 1.47869047619
16636 2.33333333333
16637 6.4175
16638 4.06666666667
16639 5.4
16640 3.0
16641 3.1
16642 3.8
16643 1.47869047619
16644 3.94
16645 7.8675
16646 14.6625
16647 3.14
16648 6.12404761905
16649 4.78428571429
16650 7.2
16651 6.67272366522
16652 0.571428571429
16653 4.9
16654 5.51666666667
16655 9.37797619048
16656 3.30666666667
16657 4.88571428571
16658 10.0
16659 4.6
16660 6.78666666667
16661 1.42908424908
16662 10.05
16663 3.88333333333
16664 1.91
16665 1.89531746032
16666 4.375
16667 1.51666666667
16668 3.0375
16669 1.01349206349
16670 12.0066666667
16671 2.1
16672 1.0
16673 2.0
16674 8.505
16675 2.69166666667
16676 3.34666666667
16677 3.36666666667
16678 3.41428571429
16679 4.1
16680 1.86666666667
16681 1.81666666667
16682 3.0
16683 15.7
16684 4.72420634921
16685 8.555
16686 14.25
16687 5.055
16688 3.66142857143
16689 2.95
16690 5.73
16691 2.69166666667
16692 7.4
16693 4.7
16694 3.11285714286
16695 4.775
16696 14.6333333333
16697 7.85833333333
16698 7.10833333333
16699 12.8
16700 4.175
16701 4.29365079365
16702 7.4
16703 7.2
16704 2.5
16705 0.947438949939
16706 2.54285714286
16707 2.9
16708 4.14
16709 3.45
16710 2.42294705295
16711 11.5
16712 3.75
16713 3.11928571429
16714 13.325
16715 2.415
16716 3.4
16717 3.0
16718 5.0317030192
16719 8.555
16720 3.375
16721 5.56833333333
16722 2.56666666667
16723 2.94
16724 6.23333333333
16725 12.0
16726 13.0714285714
16727 9.15
16728 2.31333333333
16729 0.86130952381
16730 4.7
16731 13.8
16732 2.41666666667
16733 3.41666666667
16734 3.8
16735 8.5
16736 1.0
16737 13.35
16738 2.47333333333
16739 3.39166666667
16740 1.345
16741 2.4
16742 2.96666666667
16743 6.16285714286
16744 10.6166666667
16745 9.43166666667
16746 3.96666666667
16747 1.635
16748 5.03055555556
16749 4.2
16750 5.13523809524
16751 3.15
16752 3.59333333333
16753 3.7
16754 2.475
16755 4.26666666667
16756 2.96
16757 5.47277777778
16758 2.0
16759 2.0
16760 2.36666666667
16761 7.88333333333
16762 4.10071428571
16763 2.95
16764 2.75777777778
16765 5.22666666667
16766 3.8
16767 8.54
16768 3.655
16769 5.6
16770 2.59856060606
16771 7.56666666667
16772 4.45
16773 8.0375
16774 7.58416666667
16775 9.4
16776 7.11666666667
16777 7.94920634921
16778 2.05
16779 5.11666666667
16780 6.05
16781 1.03333333333
16782 2.675
16783 7.11666666667
16784 8.65
16785 8.27848484848
16786 5.9
16787 14.075
16788 1.98468614719
16789 11.2
16790 3.0
16791 12.9588888889
16792 3.945
16793 4.13333333333
16794 2.53333333333
16795 9.2
16796 2.20714285714
16797 2.97666666667
16798 1.72587301587
16799 2.77095238095
16800 6.6
16801 5.70166666667
16802 1.72608225108
16803 2.78333333333
16804 1.945
16805 5.19
16806 1.26583333333
16807 3.54297619048
16808 12.9
16809 5.22698412698
16810 12.7
16811 13.3
16812 22.8
16813 9.4
16814 1.77333333333
16815 1.69
16816 6.85
16817 6.55833333333
16818 2.405
16819 2.39166666667
16820 8.67333333333
16821 8.99452380952
16822 2.0
16823 0.806666666667
16824 2.2280952381
16825 2.30666666667
16826 12.0
16827 4.13333333333
16828 6.9
16829 3.0
16830 2.67738095238
16831 4.32380952381
16832 3.9
16833 5.83071428571
16834 3.0
16835 1.47333333333
16836 18.81
16837 5.43333333333
16838 3.04
16839 12.2
16840 4.525
16841 5.64166666667
16842 5.7
16843 9.45
16844 6.5
16845 12.0
16846 3.0
16847 6.38035714286
16848 7.11619047619
16849 11.3297619048
16850 7.06666666667
16851 4.26666666667
16852 1.66666666667
16853 2.36666666667
16854 7.3019047619
16855 4.61003357753
16856 8.27848484848
16857 6.6
16858 0.785714285714
16859 3.375
16860 5.05
16861 8.1
16862 2.9
16863 2.1
16864 10.2223565324
16865 5.02
16866 13.2
16867 5.18333333333
16868 2.0
16869 1.38873626374
16870 3.5
16871 2.60666666667
16872 3.23333333333
16873 5.94028138528
16874 1.72166666667
16875 2.96666666667
16876 3.28095238095
16877 0.496984126984
16878 4.78428571429
16879 0.86130952381
16880 3.0
16881 2.33
16882 3.0
16883 8.4
16884 3.0
16885 4.40476190476
16886 2.52369047619
16887 2.27642857143
16888 2.0
16889 3.7
16890 8.0
16891 1.01
16892 4.025
16893 5.2
16894 11.75
16895 2.48333333333
16896 3.05
16897 11.8
16898 9.71666666667
16899 4.39633838384
16900 2.7
16901 4.74142857143
16902 3.6
16903 5.9
16904 5.4
16905 2.33539072039
16906 10.35
16907 8.28333333333
16908 3.1
16909 6.54
16910 17.4
16911 3.31166666667
16912 1.74666666667
16913 3.4
16914 3.15478632479
16915 1.88333333333
16916 3.05
16917 2.59856060606
16918 3.9625
16919 10.2330952381
16920 3.1
16921 2.5
16922 11.5
16923 1.84907287157
16924 5.19523809524
16925 7.63333333333
16926 9.40555555556
16927 3.89650793651
16928 8.7
16929 11.775
16930 10.0666666667
16931 7.725
16932 2.54285714286
16933 4.4
16934 8.3
16935 8.75
16936 3.28095238095
16937 2.91666666667
16938 2.645
16939 3.33
16940 3.51666666667
16941 11.5
16942 2.74833333333
16943 3.42857142857
16944 2.48333333333
16945 3.33714285714
16946 1.1
16947 3.0
16948 1.535
16949 15.0
16950 1.20380952381
16951 1.0
16952 2.525
16953 12.2
16954 2.59833333333
16955 4.4
16956 2.925
16957 9.3643040293
16958 2.46
16959 4.3
16960 6.27333333333
16961 3.68833333333
16962 2.55
16963 5.04166666667
16964 5.46833333333
16965 4.85
16966 4.67452380952
16967 3.1
16968 1.63
16969 4.4
16970 2.93333333333
16971 2.625
16972 13.3333333333
16973 18.8
16974 5.39369047619
16975 2.34166666667
16976 3.33
16977 10.6166666667
16978 3.23333333333
16979 7.3
16980 1.0
16981 2.0
16982 3.0
16983 16.6
16984 1.91666666667
16985 7.63333333333
16986 2.0
16987 6.54
16988 1.85450549451
16989 3.0
16990 3.93333333333
16991 3.66142857143
16992 2.94285714286
16993 2.48333333333
16994 5.0
16995 6.27333333333
16996 8.7
16997 1.945
16998 2.8
16999 5.09166666667
17000 7.46666666667
17001 2.4
17002 6.1
17003 3.96666666667
17004 4.96666666667
17005 2.6
17006 2.85
17007 5.22698412698
17008 4.975
17009 2.675
17010 4.06
17011 4.2380952381
17012 8.425
17013 3.03727272727
17014 6.41333333333
17015 2.33333333333
17016 2.64
17017 6.0
17018 4.59333333333
17019 5.51321428571
17020 3.71333333333
17021 6.45346153846
17022 1.26428571429
17023 5.04
17024 3.94
17025 2.2
17026 2.28
17027 2.3
17028 2.81333333333
17029 9.46
17030 3.9
17031 11.4
17032 3.66666666667
17033 5.16
17034 2.9
17035 3.3
17036 2.5
17037 2.54
17038 5.9
17039 3.91348124098
17040 0.625
17041 3.825
17042 10.5
17043 4.22
17044 3.96055555556
17045 13.025
17046 4.99047619048
17047 2.27642857143
17048 1.84583333333
17049 2.0
17050 12.0
17051 3.76666666667
17052 2.74333333333
17053 3.30833333333
17054 14.1
17055 3.0
17056 1.83333333333
17057 9.75
17058 8.04
17059 3.0
17060 3.75
17061 5.695
17062 11.4
17063 4.6
17064 6.2
17065 10.275
17066 4.0
17067 2.06
17068 2.99090909091
17069 2.21761904762
17070 2.0
17071 10.15
17072 1.40992063492
17073 6.96666666667
17074 3.0
17075 5.51321428571
17076 3.91666666667
17077 2.94666666667
17078 5.42
17079 2.1294047619
17080 9.18333333333
17081 3.10833333333
17082 1.32476190476
17083 7.85
17084 3.96666666667
17085 9.025
17086 2.93
17087 4.4
17088 4.61003357753
17089 14.6
17090 2.95
17091 3.94
17092 5.56
17093 10.2
17094 2.9
17095 6.4175
17096 10.1
17097 0.877619047619
17098 4.925
17099 3.7
17100 2.53333333333
17101 6.26666666667
17102 2.0
17103 8.54
17104 4.25
17105 2.0
17106 7.10833333333
17107 2.56666666667
17108 2.0
17109 5.9
17110 6.9
17111 2.1
17112 3.75
17113 7.0
17114 6.825
17115 1.81447330447
17116 1.3725
17117 8.3
17118 1.68333333333
17119 2.0
17120 14.6
17121 2.21666666667
17122 2.725
17123 2.85
17124 10.275952381
17125 2.32666666667
17126 2.88055555556
17127 8.62166666667
17128 4.48738095238
17129 5.44666666667
17130 4.6
17131 4.85
17132 6.83467948718
17133 4.30666666667
17134 3.25
17135 6.2
17136 5.58
17137 1.2
17138 3.31
17139 3.16666666667
17140 10.95
17141 2.9
17142 4.74333333333
17143 3.88
17144 2.73333333333
17145 3.7
17146 2.24670995671
17147 4.91666666667
17148 1.41833333333
17149 5.6
17150 6.56916666667
17151 1.83333333333
17152 5.16
17153 3.32
17154 5.32619047619
17155 4.03528138528
17156 9.95
17157 3.2
17158 3.21666666667
17159 5.1
17160 2.96666666667
17161 4.7
17162 4.4
17163 10.5911111111
17164 2.3
17165 6.36666666667
17166 11.3666666667
17167 14.6833333333
17168 11.2833333333
17169 6.4
17170 4.175
17171 4.82666666667
17172 8.4
17173 13.05
17174 3.11928571429
17175 4.35
17176 8.21
17177 3.0
17178 3.12133699634
17179 5.1
17180 1.79976190476
17181 3.0
17182 7.85666666667
17183 3.63333333333
17184 2.4
17185 2.3719047619
17186 6.03632478632
17187 16.2833333333
17188 3.9
17189 4.61003357753
17190 3.43333333333
17191 3.7369047619
17192 2.73333333333
17193 3.8
17194 3.0
17195 2.84166666667
17196 2.38333333333
17197 16.4
17198 2.14166666667
17199 17.1
17200 14.6
17201 3.56666666667
17202 3.81797619048
17203 2.0
17204 3.79666666667
17205 3.4
17206 3.15581501832
17207 1.18262265512
17208 2.35111111111
17209 6.8
17210 3.8
17211 1.78452380952
17212 3.3
17213 1.79857142857
17214 3.75666666667
17215 1.0
17216 7.0
17217 2.44226190476
17218 2.2280952381
17219 2.64166666667
17220 1.73952380952
17221 8.33166666667
17222 5.42
17223 9.09166666667
17224 14.4466666667
17225 2.53333333333
17226 2.43166666667
17227 5.70166666667
17228 8.45
17229 2.55833333333
17230 4.43333333333
17231 2.08095238095
17232 2.18333333333
17233 0.983162393162
19564 4.8825
19565 8.4
19566 8.555
19567 3.4
19568 5.4
19569 5.87
19571 16.1
19572 2.44761904762
19573 7.37714285714
19574 8.4
19575 4.5
19576 8.0
19577 2.31142857143
19579 14.0
19580 4.9880952381
19582 4.05
19583 1.41641025641
19585 4.87916666667
19586 18.3
19587 1.4
19588 2.0
19589 3.5
19590 2.40666666667
19592 5.7
19593 15.8
19595 1.925
19596 6.23333333333
19597 1.7
19598 12.1
19599 18.0
19600 8.4
19601 2.0
19602 6.5
19603 6.5
19604 3.2
19605 14.6
19606 14.4466666667
19607 1.52666666667
19608 9.3
19609 28.1
19611 3.8
19613 1.7
19614 14.65
19615 5.25
19616 4.75
19617 15.6
19619 3.00833333333
19621 4.30952380952
19622 7.50166666667
19624 21.7
19625 7.2
19626 2.0
19627 2.02666666667
19628 6.69666666667
19629 6.9
19630 11.8
19631 21.9
19632 3.18
19633 4.5
19634 3.55
19635 3.8
19636 2.6375
19637 11.5
19639 2.14166666667
19640 2.8
19641 4.27641025641
19642 19.4
19643 4.0
19644 2.39166666667
19645 5.1
19646 2.27166666667
19647 9.09166666667
19648 14.1
19649 2.6780952381
19650 4.8
19652 3.45
19653 2.07606060606
19655 16.0
19656 3.6
19660 12.0066666667
19661 2.4
19662 2.32666666667
19663 2.38333333333
19666 3.0
19670 1.45079365079
19671 11.2666666667
19672 6.325
19674 1.18333333333
19675 7.86476190476
19676 8.0
19677 5.53333333333
19678 3.49833333333
19679 3.36916666667
19680 3.87
19681 2.9
19682 5.8
19683 3.0
19684 3.095
19685 1.3725
19686 6.65833333333
19687 15.1
19688 5.1
19690 4.34464285714
19691 2.27287851038
19692 3.0
19694 3.74
19696 3.53333333333
19697 2.0
19698 17.0
19700 3.0
19701 9.1
19702 2.26428571429
19703 3.31
19704 3.8
19705 16.4
19706 5.14166666667
19707 15.73
19708 7.50603174603
19709 14.9333333333
19710 2.43333333333
19712 6.2
19713 11.5
19714 5.1
19716 7.3
19717 20.4
19718 11.6
19719 9.6
19720 3.5
19721 3.27666666667
19722 6.3
19723 2.53333333333
19724 16.6833333333
19726 2.88238095238
19727 4.4
19728 2.37611111111
19729 5.75
19731 1.325
19732 5.28571428571
19733 11.2
19734 13.6
19735 4.3
19736 1.65
19737 2.0
19738 16.4
19739 2.0
19740 7.7
19741 6.71666666667
19742 1.82285714286
19743 1.63666666667
19746 3.0
19749 2.23333333333
19750 2.0
19752 3.7
19753 9.26666666667
19754 9.2
19755 1.725
19756 4.93166666667
19757 4.66
19758 16.4
19760 2.42937229437
19761 9.86666666667
19763 2.0
19765 8.42380952381
19766 3.53333333333
19767 2.5680952381
19769 2.5219047619
19771 22.4
19773 1.4
19774 4.0
19775 3.0
19780 1.15
19781 3.9
19782 4.4
19785 2.09
19786 21.3
19788 5.45
19789 2.03428571429
19790 3.47333333333
19791 1.0
19792 4.41088189588
19796 3.25833333333
19797 5.725
19798 9.02833333333
19800 4.2
19801 3.87857142857
19804 1.85833333333
19806 4.8825
19810 2.815
19812 3.3
19815 4.71666666667
19816 1.01349206349
19817 6.4175
19818 1.39761904762
19820 1.01374791875
19823 3.67
19824 7.75
19825 9.6
19826 3.23611111111
19827 10.95
19828 7.28
19829 17.0
19830 3.0
19831 3.19166666667
19832 9.39166666667
19833 5.8
19834 1.64484432234
19835 15.3
19837 19.4
19838 8.01428571429
19839 11.8
19840 2.0
19842 3.0
19843 11.675
19844 4.07333333333
19845 11.7833333333
19846 2.56428571429
19848 2.91
19849 4.35
19851 11.45
19852 19.5
19853 16.2833333333
19855 5.96428571429
19856 6.22079365079
19857 10.3
19858 2.9
19859 5.08142857143
19861 22.7
19862 3.8
19864 4.2
19865 1.83333333333
19866 2.48333333333
19869 10.3
19871 1.39357142857
19872 3.95
19873 1.98
19874 13.3
19875 5.6
19876 2.76666666667
19877 0.333333333333
19878 2.94
19879 7.5
19880 7.5
19881 1.43
19882 1.49363636364
19883 2.0
19884 2.8
19885 5.18666666667
19887 3.54208333333
19888 2.69666666667
19889 3.2
19890 1.46880952381
19892 3.2
19893 2.6325
19894 5.76
19896 1.80619047619
19897 6.5
19898 6.5
19900 8.6830952381
19901 4.24166666667
19903 3.14
19904 0.569206349206
19905 4.74142857143
19906 1.0
19908 2.22007936508
19909 4.525
19910 13.6
19912 2.225
19914 13.6
19915 8.7
19917 0.966666666667
19918 2.47333333333
19919 3.88
19921 2.3719047619
19923 2.15
19924 4.21583333333
19925 5.1
19927 3.49833333333
19929 5.75
19930 1.97916666667
19932 6.16285714286
19933 4.82
19934 21.1
19935 6.36666666667
19936 2.30666666667
19937 2.65666666667
19939 14.9
19940 1.7
19941 16.0
19943 33.4
19946 1.9
19948 21.6
19950 1.69918831169
19951 10.3
19954 20.4
19956 6.0
19957 1.69714285714
19958 3.0
19959 1.79333333333
19960 2.0
19961 19.3
19963 6.83467948718
19964 6.24428571429
19965 2.9
19966 0.569206349206
19967 16.2833333333
19968 8.48
19969 1.89531746032
19970 2.0
19972 3.45
19973 1.32476190476
19974 12.4933333333
19975 5.3980952381
19977 17.3
19978 4.90166666667
19979 7.75
19980 2.14638888889
19981 1.1
19982 4.37333333333
19983 1.85450549451
19984 10.0
19985 2.84158730159
19987 5.24787878788
19989 11.8
19991 2.17777777778
19992 2.9
19994 4.14333333333
19995 10.85
19996 2.41666666667
19997 3.0
19998 3.96150793651
20000 11.82
20001 4.56666666667
20002 17.9
20004 4.83055555556
20005 11.6
20007 3.0
20010 23.6
20011 0.977662337662
20013 5.325
20014 11.3
20015 5.3
20016 19.2
20017 3.3
20018 3.0
20019 6.35
20020 2.86666666667
20022 3.0
20023 6.925
20024 1.06916666667
20025 3.05
20027 2.9880952381
20030 7.75
20031 2.03305555556
20034 18.3
20035 4.06
20036 9.15833333333
20038 9.2
20039 1.20038461538
20040 13.1
20042 7.8
20044 3.3
20045 3.64166666667
20046 2.53333333333
20048 6.66666666667
20049 11.4
20050 2.33
20052 2.33333333333
20053 7.5
20055 8.5
20057 2.23619047619
20058 18.0
20060 18.0
20061 4.2
20062 3.8
20064 1.31166666667
20065 11.4
20067 3.0
20068 3.7
20069 11.9
20070 7.7
20071 18.1
20072 4.0
20073 3.3
20074 10.1
20075 2.36619047619
20076 8.575
20077 6.0
20078 2.16666666667
20079 19.8
20080 2.85714285714
20081 1.0
20082 1.9
20083 10.5
20084 2.82357142857
20085 11.54
20086 4.06
20087 3.94
20088 3.7
20089 4.87916666667
20090 18.2
20092 1.02
20093 13.3
20094 8.5
20095 9.02023809524
20096 0.989166666667
20097 4.4
20098 2.22007936508
20099 5.3
20100 2.33
20101 2.85714285714
20102 4.375
20104 2.6
20105 6.12666666667
20106 5.7
20107 8.8
20108 1.79333333333
20109 2.10833333333
20110 11.1
20111 5.3128968254
20112 6.71666666667
20113 1.17206349206
20114 1.87952741703
20115 10.7
20116 4.5
20119 0.860833333333
20120 5.04166666667
20121 2.0
20122 2.32333333333
20123 6.6
20125 8.0
20127 17.6
20128 13.3
20129 25.8
20130 2.89317460317
20131 11.7
20132 1.32811688312
20134 9.78857142857
20135 15.9
20136 8.3
20137 19.9
20139 8.46666666667
21634 27.1
21635 29.8
21637 24.3
21638 27.0
21639 29.8583333333
21641 20.7
21642 4.9
21644 4.2
21645 8.1
21647 39.4
21648 7.5
21649 35.8
21650 9.8
21651 34.6
21652 25.5
21653 7.1
21655 13.9
21656 39.0
21658 11.9
21659 8.0
21660 11.7
21661 42.1
21664 25.5
21665 36.3
21666 26.0
21667 7.0
21669 11.2
21670 15.2466666667
21671 6.2
21672 7.7
21673 17.8
21674 13.3
21675 35.4
21676 28.4
21677 29.0
21678 21.4
21679 24.6
21680 20.2
21681 39.3
21683 9.5
21685 11.8
21686 37.7
21687 4.4
21688 24.3
21689 33.8
21690 27.8
21692 23.6
21694 33.4
21696 23.8
21697 32.8
21698 42.6
21699 7.59166666667
21700 36.1
21701 39.4
21703 12.1
21704 28.2
21706 40.4
21707 36.9
21709 6.9
21711 28.0
21714 16.7
21716 31.6
21717 36.0
21718 41.5
21719 5.2
21720 39.6
21722 24.5
21723 13.5
21725 39.0
21726 38.6
21729 36.7
21731 5.2
21732 20.9
21733 8.9
21734 24.0
21735 12.3
21738 27.3
21739 27.8
21742 45.0
21743 36.0
21744 3.8
21746 43.0
21747 39.5
21748 36.7
21749 11.6
21751 11.6
21753 0.450238095238
21754 21.3
21755 45.6
21756 27.7
21757 9.3
21758 38.4
21761 35.5
21762 6.2
21763 36.8
21764 13.7
21765 12.6
21766 28.5
21767 34.7
21768 43.5
21770 40.2
21771 5.8
21772 33.2
21773 24.6
21774 37.3
21776 28.9
21777 30.5
21778 39.7
21781 32.7
21782 28.2
21783 31.9
21785 36.1
21786 26.2
21788 41.1
21789 42.3
21790 33.8
21791 36.3
21792 19.6
21793 44.7
21794 39.5
21795 23.5
21796 38.5
21797 21.6333333333
21798 26.9
21799 36.2
21802 6.7
21803 9.1
21805 7.6
21808 19.7
21809 7.1
21810 39.8
21811 3.9
21812 7.6
21813 24.0
21814 4.5
21815 5.4
21816 35.7
21817 26.6
21818 17.2166666667
21819 25.5
21820 7.43333333333
21821 28.9
21822 34.9
21823 36.6
21825 5.42
21827 10.1
21828 7.4
21829 22.6
21830 35.3
21832 6.6
21834 34.9
21835 16.2
21836 29.2
21837 41.8
21838 10.1
21839 4.775
21841 43.5
21845 32.0
21846 3.9
21847 27.7
21848 8.0
21850 26.6
21854 28.6
21855 7.65
21856 16.5
21857 5.16666666667
21858 12.0016666667
21859 26.5
21860 8.4
21861 2.0
21863 36.0
21864 6.24
21865 8.4
21866 4.46666666667
21867 40.1
21868 12.5
21869 11.2
21870 18.0
21871 27.0
21872 4.76666666667
21873 38.4
21874 35.8
21875 33.7
21876 17.3
21877 9.4
21878 26.0
21880 19.7
21881 20.4
21883 4.4
21885 17.5
21886 36.6
21887 40.7
21888 23.7
21889 37.4
21890 16.4
21891 11.0
21893 42.1
21894 33.3
21896 11.1183333333
21897 3.45
21898 18.9
21899 32.4
21901 13.06
21902 25.0
21903 37.4
21904 20.3
21905 42.2
21906 41.5
21908 33.0
21910 29.9
21911 3.8
21912 3.2
21913 38.3
21915 10.375
21916 28.0
21917 4.41088189588
21918 37.4
21919 35.4
21921 13.8
21922 31.5
21923 43.5
21924 18.3
21925 8.8
21926 14.5
21927 18.4
21928 33.0
21929 26.8
21932 28.8
21933 35.4
21934 37.2
21935 4.1
21937 35.8
21938 17.8
