1788 8.75268371594
1789 8.18939173665
1790 10.5358905532
1791 11.133972665
1792 10.9403776176
1793 15.6421763304
1794 12.3757049284
1795 17.7277164537
1796 7.27600361153
1797 19.5349355165
1798 9.85740667057
1799 12.784581633
1800 7.61527825175
1801 24.7804472218
1802 5.57756638597
1803 15.207245175
1804 8.71569876326
1805 14.5873892563
1806 6.7823572952
1807 8.78091118747
1808 11.1100476366
1809 12.7410776179
1810 13.9958916048
1811 15.8748421542
1812 13.328251027
1814 9.07450879169
1815 5.57976120608
1816 11.8320573337
1817 12.1930621822
1818 8.77658694508
1819 10.9817304112
1820 5.79284804317
1821 11.631965023
1822 5.31011042956
1823 15.9857970123
1824 15.8292087168
1825 21.0572272591
1826 12.0539016519
1827 13.6892558756
1828 4.99473901848
1829 27.3835804891
1830 9.16151682203
1831 15.2876905443
1832 12.4409827504
1833 12.5496991898
1834 14.1415711975
1835 6.69102502247
1836 9.71387829934
1837 13.1934147391
1838 13.726219029
1839 8.62432289198
1840 12.5692781766
1841 9.31154245647
1842 18.0191410371
1843 13.0825252789
1844 7.6783394544
1845 13.097758224
1846 6.01471416069
1847 10.5859354301
1848 10.2075682142
1849 11.2427109037
1850 11.873388328
1851 18.4301907626
1852 8.54822356434
1853 8.47647027837
1854 8.656961803
1855 5.20352341246
1856 6.67361905655
1857 6.81062836528
1858 9.1071477027
1859 16.966614181
1860 15.4116399288
1861 12.0408417277
1862 14.624374209
1863 12.088648186
1864 10.0053028827
1865 12.8258690288
1866 6.39960043909
1867 16.7686730919
1868 7.25644642405
1869 13.0694435554
1870 10.9730383279
1871 11.0817547673
1872 8.91359625381
1873 11.2601168696
1874 7.75443878203
1875 13.4109130157
1876 18.3561990579
1877 11.5210755628
1878 10.6598617369
1879 17.6538119462
1880 11.7037619076
1881 11.6015427314
1882 3.10709638569
1883 9.31156425575
1884 10.4902353165
1885 10.6663807994
1886 11.4384135741
1887 7.82186782562
1888 11.5710768412
1889 10.7468697673
1890 10.2336226649
1891 11.1861469643
1892 18.8781382436
1893 13.9285061597
1894 8.62651771209
1895 13.5000504683
1896 6.95415673651
1897 13.5631552695
1898 9.63993019326
1899 17.2645578268
1900 6.14300958682
1901 7.60439134832
1902 16.9339534707
1903 10.8012606859
1904 6.27130501296
1905 13.4261677601
1906 5.24048656586
1907 10.3162628543
1908 24.9890790208
1909 7.25861944488
1910 20.5309420317
1911 14.2655859798
1912 9.09191475761
1913 16.4185333475
1914 9.04623772161
1915 10.8077579491
1916 6.02992530651
1917 8.66782690715
1918 4.94256471926
1919 14.8288561599
1920 10.4945813581
1921 8.86140015532
1922 9.99443777857
1923 10.7946980248
1924 10.7403507048
1925 14.7961736503
1926 6.29525184065
1927 15.3703089345
1929 4.92733177416
1930 16.6773190199
1931 4.9599488859
1932 5.36663077044
1933 12.3409365951
1934 12.0277600041
1935 16.2728319554
1936 6.37132936901
1937 14.0568233851
1938 12.221311453
1939 15.0571541428
1940 14.5787189723
1941 14.1307060934
1942 5.76462057165
1943 6.49747357359
1944 5.47971505075
1945 8.3807701647
1946 10.3010517085
1947 5.00779894274
1948 11.9038106197
1949 22.3511992195
1950 12.3148385459
1951 20.4091656681
1952 9.10280166104
1953 9.35504647164
1954 8.64826971967
1955 8.81352829921
1956 13.8545580536
1957 5.47317418898
1958 12.980327902
1959 17.8277408098
1960 7.8501388957
1961 14.4373854211
1962 6.04730947316
1963 13.1629706482
1964 10.8882251177
1965 13.1064285081
1966 11.1557246726
1967 17.2405891999
1968 10.5402583941
1969 14.9288369174
1970 6.02992530651
1971 11.5036477976
1972 8.8005119735
1973 9.34413776893
1974 12.1495363678
1975 8.36121297723
1976 5.39272881968
1977 20.0177385279
1978 14.1981787355
1979 12.8672000232
1980 15.1484646162
1981 8.75048889583
1982 5.27744971926
1983 12.8389071538
1984 16.4402853551
1985 16.3837868135
1986 12.8868008092
1987 1.5021644537
1988 7.06289497516
1989 6.38873533493
1990 4.81859353551
1991 8.7635488201
1992 12.3779433471
1993 7.63048939756
1994 9.57471776906
1995 17.1405430445
1996 12.1734831955
1997 9.04189167995
1998 13.6979915574
1999 10.0378981952
2000 18.2801651281
2001 7.92623822334
2002 9.65948738074
2003 13.9023645119
2004 23.2450519564
2005 14.0698397108
2006 6.29305702054
2007 11.8103053261
2008 10.2662397767
2009 2.20894120567
2010 17.6711525143
2011 12.6867084985
2012 16.8861034138
2013 12.9389751084
2014 6.17125885763
2015 6.08646744667
2016 17.9104245977
2017 19.2935340107
2019 7.04551080851
2020 11.845117258
2021 8.25027991846
2022 8.28507005104
2023 13.2064746634
2024 14.3525504116
2025 19.2848637267
2026 10.1401391706
2027 2.85917581748
2028 4.64679409421
2029 11.1100476366
2030 10.7381558847
2031 8.83745332762
2032 12.1191358754
2033 12.9781330819
2034 15.1246049856
2035 10.8599758469
2036 8.5243203352
2037 10.5685294642
2038 6.93675077058
2039 10.7947198241
2040 14.6983005158
2041 10.2183897198
2042 12.3779215478
2043 9.97266397171
2044 12.4257498053
2045 5.77983171746
2046 8.97446263636
2047 9.41378343191
2048 6.04513645233
2049 11.2339752218
2050 4.29667614911
2051 16.5598886979
2052 8.56343471016
2053 13.6153077695
2054 19.8611502324
2055 12.2365443981
2056 22.2380713406
2057 12.1082707713
2058 15.0310778928
2059 16.7273856961
2060 12.103881131
2061 14.132944512
2062 7.01721793916
2063 13.6892776748
2064 11.3775471916
2065 8.80485801516
2066 20.035079096
2067 12.3822675894
2068 14.7178577033
2069 7.3651846627
2070 7.38476364946
2071 9.5094617463
2072 7.36086042032
2073 9.53555979555
2074 7.7240164904
2075 10.7577348714
2076 3.18321751261
2077 8.18504569498
2078 16.0531824573
2079 7.89364291087
2080 10.4880404963
2081 7.21296420815
2082 4.40973863015
2083 4.33363930251
2084 9.57686899061
2085 14.0002594457
2086 9.61383214401
2087 8.43950712497
2088 10.942594237
2089 9.19847997543
2090 10.6141847009
2092 10.2466825892
2093 10.3989030437
2094 6.39962223836
2095 13.8762446634
2096 9.29630951138
2097 18.5846278365
2098 10.0205140285
2099 14.4090925518
2100 6.5126847194
2101 6.79974146185
2102 10.7207935173
2103 15.1811253265
2104 13.5761933945
2105 22.5665026759
2106 9.672547305
2107 8.67871381058
2108 10.9403994169
2109 14.7200525234
2110 12.7215422297
2111 8.53518543936
2112 6.79541721947
2113 11.8668474663
2114 15.1202153454
2115 14.4221524761
2116 9.24415701143
2117 15.2811496826
2118 6.16691281596
2119 7.55002222899
2120 8.95273242805
2121 11.3100963487
2122 10.3988812444
2123 11.3666602882
2124 15.5290702508
2125 4.42062553358
2126 10.027033091
2127 7.90670283513
2128 10.0488068979
2129 18.9999800051
2130 12.3170115667
2131 8.32205500372
2132 18.2453095977
2133 17.9864803268
2134 8.12415751316
2135 11.242732703
2136 19.9263844559
2137 8.23289575182
2138 9.9509337634
2139 13.7392571539
2140 5.91681922692
2141 13.4674333566
2142 11.9777587257
2143 3.68123166987
2144 12.8063336406
2145 13.5217806766
2146 14.5547939438
2147 9.58123683155
2148 12.9781548812
2149 15.5833739723
2150 11.2970582237
2151 9.4203024944
2152 14.1154949476
2153 7.57177423658
2154 16.9448403741
2155 16.994885251
2156 17.6907533003
2157 11.0121745021
2158 14.552620923
2159 7.16074631038
2160 8.63740461552
2161 9.73343548682
2162 10.4424288582
2163 9.56163604552
2164 11.0491376555
2165 15.9705858664
2166 10.3445775229
2167 15.2355162451
2168 7.73270857372
2169 4.58373289156
2170 8.80268499433
2171 4.69247113021
2172 9.48119067622
2173 6.68667898081
2174 15.1963582716
2175 8.6939249564
2176 13.1347213774
2177 4.67723818512
2178 13.7284138491
2179 7.8588527783
2180 13.3934852505
2181 9.02233449247
2182 7.88495082755
2183 7.61093221009
2184 11.1492056101
2185 4.85992452985
2186 9.73997634859
2187 17.9235063213
2188 14.0589528074
2189 10.0574771819
2190 6.94763767401
2191 15.1833201466
2192 6.41700640501
2193 15.6899827887
2194 16.6838598816
2195 13.2086476842
2196 6.1777997194
2197 14.8636026939
2198 5.82765997502
2199 10.5141603449
2200 13.2304214911
2201 6.41266036335
2202 10.5315663108
2203 9.7421711687
2204 9.74869023119
2205 13.0455403262
2206 16.1793048626
2207 14.2003517564
2208 11.4536465192
2209 6.98460082742
2210 6.70840918912
2211 15.1593297204
2212 7.45653873471
2213 7.56742819491
2214 8.97883047729
2215 17.4232319461
2216 13.3696038206
2217 2.53950196329
2218 12.0951890477
2219 11.2383430628
2220 8.93315344129
2221 9.30719641481
2222 9.65083889597
2223 19.1717358478
2224 20.8615027893
2225 5.58410724774
2226 12.9302612258
2227 12.0886699852
2228 4.00742458655
2229 10.8273369358
2230 11.1426429491
2231 11.6819881007
2232 14.0894186976
2233 13.3130398812
2234 13.4022427317
2235 8.03714948282
2236 9.35724129175
2237 12.0582258943
2238 11.4753985268
2239 15.7313355823
2240 5.79286984245
2241 4.48805457717
2242 8.98317651896
2243 13.6696768888
2244 19.2761280448
2245 18.4105681773
2246 10.3684807521
2247 9.58773409476
2248 13.6827586123
2249 7.1129398521
2250 17.6146103741
2251 13.2608437827
2252 13.2782715479
2253 11.9864290098
2254 9.37897150006
2255 10.8360508184
2256 10.851240165
2257 15.535567514
2258 24.6151014451
2259 7.99801330859
2260 8.37642412304
2261 10.3641347104
2262 9.89002378231
2263 9.68128298688
2264 4.48368673623
2265 11.795072381
2266 12.3626886027
2267 5.74286856406
2268 17.1035144933
2269 7.68490211544
2270 9.01359881059
2271 6.48008940694
2272 3.81389493694
2273 5.5797394068
2274 9.48336369705
2275 14.9440480632
2276 6.69973890507
2277 8.98319831823
2278 9.9791830342
2279 12.9432775515
2280 15.0593271636
2281 12.5148654587
2282 9.31156425575
2283 11.9560285174
2284 10.7642539339
2285 12.7258446728
2286 17.8734178458
2287 13.9067323529
2288 14.5025978454
2289 12.8062900421
2290 11.4862854303
2291 11.5689256197
2292 5.24483260752
2293 11.9777587257
2294 10.6294394453
2295 15.522529389
2296 5.77763689736
2297 7.22817535397
2298 3.9074002305
2299 17.7167859517
2300 9.41593465346
2301 25.3849393998
2302 10.8991120211
2303 7.74576849799
2304 13.1695333093
2305 12.1039029303
2306 10.6642077786
2307 9.13324575195
2308 16.3924570975
2309 10.8947441802
2310 8.70696308139
2311 6.82151526871
2312 11.0644141992
2313 13.5848636786
2314 9.31154245647
2315 4.57067296729
2316 13.5718255536
2317 6.55401571374
2318 12.2082951273
2319 7.74794151882
2320 8.9723114148
2321 8.42427417988
2322 10.5054682615
2323 16.0792587073
2324 18.6150065296
2325 6.82586131037
2326 12.2843944549
2327 7.33691359262
2328 17.0165936601
2329 4.79684152792
2330 11.768996131
2331 9.71172707779
2332 10.5620104017
2333 17.9060349575
2334 18.3105656205
2335 14.2547208757
2336 11.5188807427
2338 12.5040221538
2339 13.2042798433
2340 17.6755203552
2341 10.7012363298
2342 6.38875713421
2343 6.48660846943
2344 9.11799100758
2345 10.0901378922
2346 10.7468697673
2347 12.8345829114
2348 14.4830406579
2349 8.80700923672
2350 8.63305857386
2351 7.17378443537
2352 16.9600079214
2353 9.04841074244
2354 9.14626207766
2355 6.91284754144
2356 7.87408572339
2357 6.56922685956
2358 11.8037644643
2359 9.94658772174
2360 9.5094617463
2361 13.391334029
2362 9.19847997543
2363 9.6899750702
2364 9.60298883913
2365 13.5653064911
2366 9.49207757965
2367 0.738845561576
2368 13.2521516994
2369 16.7861226563
2370 10.825163915
2371 10.9208640287
2372 13.4696281767
2373 11.11873972
2374 10.5424314149
2375 12.4953300705
2376 10.4141141895
2377 12.8671782239
2378 10.3554208278
2379 2.80046065649
2380 8.85488109283
2382 11.1100258374
4778 14.2459633945
4779 9.46376291102
4780 6.86282446378
4781 12.3757049284
4782 11.2035529302
4783 10.3184576744
4784 17.2883738589
4785 8.53953148102
4786 10.148831254
4787 11.6776202598
4788 6.26913199212
4789 5.47971505075
4790 11.1774330817
4791 6.38221627244
4792 6.74756716263
4793 12.3778997485
4794 7.22165629148
4795 10.3249767369
4796 8.4699294166
4797 6.51485774023
4798 8.53081759842
4799 2.87223574174
4800 18.4236281015
4801 7.16728717215
4802 11.9168923432
4803 3.70296187818
4804 13.386966188
4805 8.77656514581
4806 9.56815510801
4807 6.53226370616
4808 19.7436327133
4809 9.65079529741
4810 19.4783279785
4811 13.754490099
4812 9.59425315726
4813 12.5997222675
4814 16.2946057623
4815 6.6997171058
4816 20.8375995602
4817 6.49530055275
4818 17.2165987736
4819 9.69647233342
4820 9.6203512065
4821 6.62794202055
4822 11.7450493033
4823 11.8168243886
4824 11.7624988678
4825 9.89436982397
4826 11.1709576177
4827 10.1379443505
4828 11.5797907238
4829 13.7719178642
4830 10.1858162066
4831 22.4816458671
4832 2.52863685914
4833 18.9672756962
4834 8.4416801458
4835 10.7229229396
4836 9.8443467463
4837 23.9560657536
4838 8.65913482383
4839 10.4532503638
4840 3.21800764518
4841 13.0759626179
4842 5.37749587459
4843 14.7200743227
4844 5.11219113973
4845 10.2792997009
4846 1.43693023022
4847 13.4674333566
4848 13.1281369171
4849 14.2937916521
4850 22.1163385755
4851 4.93385083666
4852 13.8958236502
4853 8.70481185983
4854 7.23471621574
4855 10.2249523809
4856 8.20464648102
4857 3.0636141698
4858 6.83018555276
4859 7.69357239949
4860 7.6631065093
4861 5.08609309048
4862 7.09336086535
4863 9.77476648116
4864 6.75845406606
4865 12.1734395969
4866 4.79469030637
4867 7.72184346957
4868 10.5664000419
4869 2.79611461483
4870 11.6080399946
4871 7.00852585583
4872 7.9392981476
4873 10.2728024377
4874 15.0136719269
4875 7.10639899033
4876 6.5126847194
4877 6.89109553386
4878 12.7062874853
4879 22.3272087932
4880 3.26585770201
4881 13.6174807903
4882 4.47282163207
4883 15.5421083758
4884 10.0378981952
4885 15.7791638398
4886 5.990767333
4887 9.86609875389
4888 5.2818175602
4889 13.5108937732
4890 11.5819419454
4891 4.07485363014
4892 9.93572261759
4893 16.6359662262
4894 2.45468875305
4895 6.83672641453
4896 16.9360828929
4897 7.33256755096
4898 4.36625641425
4899 7.09770690701
4900 13.4043503547
4901 12.6780382145
4902 11.1665897768
4903 8.77221910414
4904 3.37894198233
4905 8.55691564767
4906 8.11761665139
4907 12.7084605061
4908 8.86791921781
4909 7.87406392412
4910 14.1002620025
4911 10.3706537729
4912 15.1876007905
4913 8.60911174616
4914 16.7403802225
4915 4.17924582713
4916 13.8632283377
4917 13.4044157525
4918 8.30464903779
4919 10.2662397767
4920 14.7352636692
4921 7.8588527783
4922 5.54494927423
4923 1.58263162228
4924 4.72943428361
4925 10.9230152502
4926 8.91574747537
4927 18.5475556867
4928 6.00163243715
4929 8.21114374423
4930 13.6240652506
4931 11.7319893791
4932 6.95850277817
4933 21.0898225715
4934 0.84975682106
4935 13.5327111786
4936 12.2539285648
4937 12.9346290668
4938 7.8958159317
4939 7.88060478589
4940 8.85485929355
4941 16.577229266
4942 20.0372303176
4943 7.15205422706
4944 10.7098630153
4945 21.9270459712
4946 18.4540285939
4947 18.9368316053
4948 10.8229690949
4949 7.82625746584
4950 11.4493004776
4951 12.5627591141
4952 8.81787434087
4953 8.47427545826
4954 17.7668526279
4955 12.2496043224
4956 14.9309663396
4957 4.3923544635
4958 10.6446287918
4959 18.108300289
4960 22.7165283104
4961 5.54494927423
4962 8.49820048668
4963 21.2203128178
4964 17.0840009044
4965 7.87623694495
4966 11.1622655344
4967 12.2235062731
4968 10.5532965191
4969 12.0234357617
4970 13.576149796
4971 4.74032118704
4972 13.8001235365
4973 8.82658822347
4974 12.4279010269
4975 17.3514568608
4976 2.56342699171
4977 11.6297920022
4978 16.1662667376
4979 20.5896353934
4980 8.36773203972
4981 6.63448288232
4982 7.98280216277
4983 17.821199948
4984 7.42824586535
4985 8.25899380107
4986 13.4282535838
4987 8.45254524995
4988 13.2260754494
4989 3.4594091509
4990 7.59133142405
4991 11.0056336404
4992 11.2057041517
4993 6.12343060007
4994 3.37459594067
4995 9.46158989019
4996 18.8651001186
4997 22.5121117573
4998 13.458719474
4999 10.679462523
5000 14.8070387544
5001 15.5768767091
5002 7.44999787294
5003 13.83928151
5004 12.3170115667
5005 8.36990506055
5006 6.99548773085
5007 11.938578953
5008 5.14915429313
5009 11.9690666424
5010 7.46740383886
5011 17.114423196
5012 11.9929480723
5013 9.36156553413
5014 14.3090463965
5015 9.02665873485
5016 13.4587412733
5017 15.0419211977
5018 7.00200679334
5019 18.8280933667
5020 10.9295343127
5021 11.5297458469
5022 9.0005606856
5023 5.85158500344
5024 10.379324057
5025 1.57828558061
5026 4.87078963401
5027 11.1448159699
5028 18.2256652131
5029 3.04620820388
5030 12.638880241
5031 8.86789741853
5032 18.7410853363
5033 13.3304240479
5034 8.93532646212
5035 10.4489043221
5036 16.3423904213
5037 11.6124078356
5038 6.58011376299
5039 6.67144603572
5040 3.99438646157
5041 13.0107501937
5042 8.84182116856
5043 18.9803574198
5044 5.86896917008
5045 10.492386538
5046 10.5206794074
5047 10.3380584605
5048 3.08971221905
5049 15.4703332905
5050 6.56270779707
5051 18.5888866811
5052 10.2597207142
5053 5.0121449844
5054 14.6569913207
5055 9.55948482396
5056 8.81572311932
5057 9.23111888645
5058 13.6131129494
5059 10.203178574
5060 3.97263445398
5061 12.9389533091
5062 12.0255869833
5063 8.33511492798
5064 15.2332778265
5065 8.86357317615
5066 7.61310523092
5067 10.7707947957
5068 2.31333340266
5069 9.60514006069
5070 21.2985633669
5071 9.49642362131
5072 24.7672783011
5073 20.6395930733
5074 5.34270574202
5075 8.5025901269
5076 8.99189040156
5077 15.0397481768
5078 6.2517260262
5079 7.42607284452
5080 6.64317496564
5081 6.39960043909
5082 10.5489504774
5083 8.8896712254
5084 11.5689256197
5085 15.1919468321
5086 17.0187230824
5087 15.5594925424
5088 11.612364237
5089 8.98967378217
5090 13.0020581103
5091 8.90922841288
5092 7.65443622526
5093 11.6971774472
5094 10.9143449662
5095 6.91284754144
5096 11.5906340287
5097 7.0955120869
5098 7.33476237107
5099 10.7599514908
5100 7.37826638624
5101 8.73525595074
5102 6.64754280658
5103 10.9621514245
5104 10.9034362635
5105 8.49602746585
5106 9.98787511753
5107 7.6783394544
5108 7.90668103586
5109 6.49964659442
5110 3.53550847854
5111 10.6272446252
5112 7.37822278769
5113 9.41593465346
5114 12.3018004209
5115 15.6160564819
5116 8.22418186922
5117 12.0864969644
5118 11.5428057711
5119 7.43913276878
5120 9.58121503227
5121 22.1989133671
5122 11.6820099
5123 8.28291882948
5124 7.29775561911
5125 11.1905148052
5126 5.61889738031
5127 10.4859110741
5128 12.5083463962
5129 5.96903712469
5130 10.8164500324
5131 12.4213819644
5132 6.11254369664
5133 11.9929698716
5134 6.38873533493
5135 14.68308937
5136 10.9077605059
5137 18.1409392
5138 5.77765869663
5139 8.63955583707
5140 10.7773138582
5141 11.0491158563
5142 6.38438929327
5143 13.0085335743
5144 16.4728588683
5145 6.39960043909
5146 15.0745383094
5147 6.18212396178
5148 9.38549056255
5149 6.99111988991
5150 3.60728356379
5151 16.3923699004
5152 12.9237421633
5153 9.51815382962
5154 13.491358385
5155 5.93420339357
5156 6.6997171058
5157 10.2967056668
5158 9.60946430307
5159 9.0440429015
5160 3.04620820388
5161 10.3923839812
5162 12.6714755535
5163 8.03280344116
5164 13.3043477979
5165 10.633785487
5166 7.02375880093
5167 8.26985890522
5168 15.6617117186
5169 9.69647233342
5170 3.24627871526
5171 3.58118551454
5172 6.98027658503
5173 8.5156064526
5174 5.51667820415
5175 3.72254086493
5176 7.50219397143
5177 12.6866866993
5178 5.11219113973
5179 13.0542542088
5180 10.2575476933
5181 4.20097603544
5182 10.5576425608
5183 15.6203807242
5184 14.2916404305
5185 27.4595054226
5186 13.7653552032
5187 11.8863828545
5188 8.63303677458
5189 9.65948738074
5190 5.32964581776
5191 5.6688986587
5192 9.73128426527
5193 8.30686565718
5194 12.1343034227
5195 9.13324575195
5196 10.5837624093
5197 19.0086720884
5198 8.55259140528
5199 15.7748177982
5200 7.93060606428
5201 10.766448754
5202 12.5953544265
5203 4.69681717187
5204 7.78275345067
5205 7.76313086536
5206 7.36298984259
5207 10.3728267938
5208 6.11254369664
5209 11.9972941139
5210 24.7085631401
5211 7.43259190701
5212 9.21366932197
5213 5.26875763594
5214 9.07233577085
5215 7.41955378203
5216 11.3339995779
5217 8.84616721023
5218 17.4906609896
5219 12.6497235459
5220 7.01072067594
5221 12.421425563
5222 10.7816598998
5223 8.25030171774
5224 14.2611963396
5225 11.7472441235
5226 13.1520619455
5227 8.8287612443
5228 14.4612232525
5229 15.9313842944
5230 6.76060528762
5231 9.88133169898
5232 6.74754536335
5233 4.0335226358
5234 12.9520132334
5235 10.8316611782
5236 1.83489823215
5237 12.6714755535
5238 7.35431955855
5239 1.64786584576
5240 13.3260562069
5241 9.87479083721
5242 10.5402583941
5243 11.5623629586
5244 20.9723050524
5245 9.47030377279
5246 8.83091246586
5247 18.2170603269
5248 5.72763561897
5249 11.8646526462
5250 10.0270548903
5251 16.5011517376
5252 7.53044324223
5253 13.0955634039
5254 6.13866354516
5255 6.23868790121
5256 9.6355841516
5257 17.6537465483
5258 6.77366521188
5259 8.27857278782
5260 12.3105143035
5261 14.8940467848
5262 4.84469158476
5263 8.10023248475
5264 4.07268060931
5265 8.98534953979
5266 7.1846713388
5267 12.1190922769
5268 9.06798972919
5269 18.2126488874
5270 5.07740100716
5271 16.4097758663
5272 6.0799265849
5273 6.41266036335
5274 12.3409147958
5275 7.71967044874
5276 8.47212423671
5277 5.99511337466
5278 13.2738819077
5279 7.48478800551
5280 6.86499748461
5281 12.7802137921
5282 11.6167102787
5283 7.93062786355
5284 13.9697935555
5285 5.89943506027
5286 10.805563129
5287 2.22852019242
5288 11.0252126271
5289 12.5279253829
5290 3.44200318498
5291 5.14044041053
5292 11.1600707143
5293 15.9922724762
5294 11.8972915572
5295 10.2771048808
5296 9.5007478637
5297 6.96719486149
5298 10.47724079
5299 7.65658744681
5300 13.0498863679
5301 12.162596292
5302 13.1955659607
5303 6.57574592205
5304 5.82548695419
5305 9.63993019326
5306 26.7136142956
5307 7.50219397143
5308 11.8689768885
5309 15.0962685177
5310 13.1129257713
5311 7.36298984259
5312 13.0346534228
5313 12.3866136311
5314 9.40506954931
5315 22.124965261
5316 9.11149374436
5317 8.1567746249
5318 8.16331548667
5319 16.4902866335
5320 11.5667525988
5321 11.1165666991
5322 7.39997479527
5323 7.62177551496
5324 10.9208422294
5325 11.7885315192
5326 8.43733410414
5327 10.0814022104
5328 7.13899430279
5329 15.0266664533
5330 8.21983582756
5331 13.5913827411
5332 10.4619642464
5333 9.9052567274
5334 24.5019953655
5335 3.16581154668
5336 25.9481005834
5337 13.0259613395
5338 8.35903995639
5339 8.82661002275
5340 15.1984876939
5341 13.9915673624
5342 7.07593310014
5343 9.7247434035
5344 12.029933025
5345 10.2596989149
5346 15.0788625518
5347 11.8711717086
5348 18.1495658855
5349 7.80885149991
5350 8.40469519312
5351 10.792525004
5352 13.4891417656
5353 14.0829214344
5354 5.91247318526
5355 8.48953020263
5356 8.14371470064
5357 3.28978273043
5358 13.4174320782
5359 8.70261703972
5360 11.0143911215
5361 7.50654001309
5362 4.43585847867
5363 8.30030299613
5364 7.98282396205
5365 11.4971287351
5366 7.61312703019
5367 8.9092066136
5368 18.0060375143
5369 12.293064739
5370 9.57034992812
5371 4.56417570408
5372 12.1604232712
5373 12.8606591614
5374 13.7349329116
5375 6.70406314746
5376 7.20642334638
5377 7.43259190701
7709 2.64389416028
7710 3.87912916042
7711 1.24337878133
7712 5.2078912534
7713 3.92263317559
7714 4.21838200136
7715 6.3952761967
7716 4.16401288204
7717 4.14228267373
7718 2.16328596894
7719 2.86788970008
7720 1.69354288176
7721 2.23286623409
7722 4.21838200136
7723 2.95704895198
7724 3.25931684024
7725 2.1371879197
7726 2.40466567539
7727 3.68557771153
7728 1.83707125298
7729 4.48368673623
7730 4.75553233286
7731 5.3252997761
7732 4.08571873429
7733 3.67034476644
7734 2.76567052392
7735 2.99401210538
7736 6.64317496564
7737 5.37749587459
7738 4.05092860172
7739 1.30861300481
7740 2.16980503144
7741 3.79431595018
7742 0.941089093789
7743 2.19807610151
7744 3.43548412248
7745 7.91758973857
7746 1.30209394232
7747 2.68520335535
7748 2.88092782507
7749 6.1343175035
7750 3.38546104482
7751 4.10529772105
7752 6.97593054337
7753 1.50433747453
7754 5.24483260752
7755 5.09043913214
7756 4.52936377223
7757 3.16363852585
7758 4.36191037259
7759 1.08244444418
7760 0.771462673317
7761 0.908471982049
7762 6.88674949219
7763 5.90595412276
7764 4.0944326169
7765 2.72436132886
7766 4.88819559993
7767 3.60511054296
7768 3.89436210551
7769 4.0335226358
7770 4.42062553358
7771 6.69756588424
7772 1.673963895
7773 3.60511054296
7774 5.16873327989
7775 5.25137346929
7776 1.68702381927
7777 1.58045860144
7778 2.29158139507
7779 1.41083218097
7780 2.51123089321
7781 2.20459516401
7782 5.79069682162
7783 6.69539286341
7784 4.90340674575
7785 1.99800559013
7786 6.5301124846
7787 0.991112171454
7788 0.967187143037
7789 3.82476004109
7790 1.53260854461
7791 5.36880379127
7792 1.50651049536
7793 3.9530772665
7794 3.32239984217
7795 2.07193189694
7797 3.00489900881
7798 4.41845251275
7799 2.41772559965
7800 4.3031952116
7801 0.656205372171
7802 3.50723740846
7803 1.16508463359
7804 0.430036811541
7805 3.82693306192
7806 0.375667692215
7807 4.86427057151
7808 5.92118706786
7809 2.14588000302
7810 2.76132448226
7811 6.94546465318
7812 6.02992530651
7813 2.18721099736
7814 2.11760893294
7815 4.43149063773
7816 3.6377276547
7817 3.15929248419
7818 1.0541733741
7819 2.67868429285
7820 2.5242690182
7821 3.15929248419
7822 2.48730586479
7823 2.77873044818
7824 3.02230497474
7825 2.25244522084
7826 4.44237754116
7827 3.29847481375
7828 1.02590230403
7829 4.75120809047
7830 4.32929326085
7831 4.86863841245
7832 1.73050603516
7833 1.66961785334
7834 1.55653357303
7835 4.340158365
7836 1.43910325105
7837 2.05889377195
7838 6.27999709628
7839 1.96538847839
7840 4.85123244653
7841 2.56777303337
7842 2.20894120567
7843 3.09405826071
7844 4.69029810938
7845 4.80120936886
7846 1.66309879085
7847 1.24555180216
7848 2.14370698219
7849 0.965014122206
7850 6.06254241825
7851 6.15822073264
7852 4.51849866808
7853 4.2205550222
7854 5.05347597874
7855 5.78852380079
7856 4.80990145219
7857 0.743191603238
7858 2.52209599737
7859 3.59207241797
7860 1.49129934955
7861 7.44347881044
7862 1.38908017339
7863 2.47644076064
7864 1.64134678326
7865 4.4749946529
7866 3.47681511683
7867 3.57683947288
7868 2.70043630044
7869 3.57466645205
7870 2.31767944432
7871 5.24268138597
7872 1.778356092
7873 5.45798484244
7874 2.84396467166
7875 4.825112598
7876 4.95560284424
7877 3.62903557137
7878 4.40976042942
7879 1.36298212414
7880 0.941089093789
7881 1.6826777776
7883 2.90485285348
7884 3.82258702026
7885 1.33471105406
7886 3.75298495584
7887 3.8704370771
7888 7.97845612111
7889 5.25571951095
7890 1.75225804275
7891 8.11983327078
7892 1.24555180216
7893 2.6678191887
7894 3.16581154668
7895 3.13536745577
7896 4.76859225712
7897 4.22490106386
7898 1.80445414124
7899 2.14805302385
7900 2.20242214318
7901 7.5978940851
7902 2.14588000302
7903 1.83924427381
7904 5.14263523064
7905 0.825831792643
7906 2.89833379099
7907 1.77618307116
7908 4.02483055248
7909 2.25244522084
7910 3.64861455813
7911 5.52973812842
7912 1.21728073208
7913 4.48588155634
7914 1.78704817532
7915 3.34849789142
7916 2.34160447274
7917 1.7261599935
7918 3.95088244639
7919 1.85447721891
7920 4.82076655634
7921 3.76387185927
7922 3.36588205806
7923 1.44779533437
7924 1.75008502192
7925 2.81786662241
7926 2.32639332692
7927 4.44020452033
7928 3.72471388576
7929 3.79431595018
7930 7.70880534458
7931 3.40504003157
7932 4.54242369649
7933 1.1063694726
7934 4.58807893322
7935 0.997631233947
7936 5.7754856758
7937 2.45903479472
7938 1.13464054268
7939 7.3738985453
7940 2.06323981361
7941 2.28288931175
7942 4.10312470022
7943 5.06651410373
7944 2.50471183072
7945 3.39852096908
7946 2.08716484203
7947 1.73704689693
7948 3.67036656571
7950 4.47064861124
7951 3.93567130058
7952 6.16473979513
7953 5.59062631024
7954 4.64027503171
7955 3.85085809034
7956 3.80300803351
7957 4.28578924568
7958 5.80810278754
7959 3.61817046722
7960 4.15966684038
7961 2.64606718111
7962 4.50326572298
7963 3.0027041887
7964 2.53515592163
7965 4.68377904689
7966 2.70260932127
7967 1.89578641397
7968 6.09733255082
7969 6.01036811903
7970 1.5543605522
7971 2.81569360158
7972 5.62107040115
7973 9.18326882962
7974 1.05200035327
7975 7.61310523092
7976 1.41517822263
7977 4.30754125326
7978 5.62107040115
7979 6.28001889556
7980 5.08609309048
7981 3.51595129106
7982 0.573565182766
7983 5.21441031589
7984 1.58263162228
7985 1.53043552378
7986 4.77728434045
7987 1.75443106358
7988 2.72653434969
7989 4.76859225712
7990 6.20389776864
7991 1.21293469042
7992 5.1926583083
7993 0.91281802371
7994 0.769289652486
7995 3.41155909407
7996 3.47244727589
7997 6.05165551482
7998 1.02372928319
7999 3.73342776836
8000 2.96356801447
8001 4.27709716235
8002 3.88782124374
8003 2.03714176437
8004 2.78742253151
8005 7.35649257938
8006 0.941089093789
8007 1.71964093101
8008 2.39597359207
8009 4.09877865856
8010 4.20534387638
8011 3.97263445398
8012 5.66457441632
8013 1.83055219049
8014 5.04912993708
8015 1.22162677375
8016 2.14805302385
8017 3.16583334596
8018 3.15060040087
8019 1.99365954847
8020 5.1100181189
8021 4.0422365184
8022 5.61891917959
8023 4.20097603544
8024 1.97842660338
8025 1.52608948212
8026 4.10312470022
8027 2.57211907503
8028 4.0791996718
8029 3.21148858269
8030 2.71564744625
8031 1.36298212414
8032 4.91646667001
8033 0.799733743396
8034 3.28978273043
8035 6.79976326113
8036 2.78742253151
8037 3.12667537245
8038 1.70440798591
8039 2.34377749357
8040 4.81859353551
8041 3.65947966228
8042 3.89870814718
8044 2.70043630044
8045 2.56342699171
8046 1.60655665069
8047 1.05200035327
8048 2.00452465263
8049 1.22379979458
8050 2.4351097663
8051 3.73994683086
8052 4.91429364918
8053 4.65985401847
8054 5.44492491818
8055 4.85340546736
8056 2.55908095004
8057 1.75660408441
8058 4.06616154682
8059 1.55218753137
8060 3.49202626264
8061 2.86571667925
8062 6.65406186907
8063 2.05454773029
8064 4.38583540101
8065 3.49202626264
8066 4.69464415104
8067 1.13898658434
8068 3.01359109213
8069 0.797560722565
8070 4.51415262641
8071 1.48912632872
8072 1.4195242643
8073 4.17705100702
8074 5.13394314731
8075 2.47644076064
8077 3.50725920774
8078 2.82438568491
8079 1.83055219049
8080 2.88092782507
8081 1.21510771125
8082 1.70006194425
8083 3.72254086493
8084 2.0327957227
8085 2.7047823421
8086 3.62903557137
8087 0.910645002879
8088 4.45761048626
8089 5.47971505075
8090 3.48768022098
8091 5.96034504137
8092 5.69501850723
8093 0.856275883553
8094 2.63954811862
8095 1.21945375291
8096 5.29922352612
8097 2.47644076064
8098 3.61599744639
8099 0.91281802371
8100 4.33581232334
8101 3.77690998426
8102 4.16618590287
8103 3.60728356379
8104 4.38366238017
8105 1.04548129078
8106 1.35863608248
8107 3.04620820388
8108 2.72436132886
8109 3.71384878161
8110 4.49240061883
8111 3.89216728541
8112 1.58480464311
8113 5.76894481403
8114 2.08933786286
8115 1.02372928319
8116 3.53333545771
8117 4.82730741811
8118 1.39125319422
8119 1.01069115821
8120 1.10202343094
8121 1.35646306165
8122 1.39125319422
8123 1.15639255026
8124 1.44779533437
8125 8.07198321395
8126 3.5116052494
8127 3.69209677402
8128 3.02011015463
8129 4.92518055261
8130 2.8918147285
8131 4.92735357344
8132 4.90994760752
8133 1.05200035327
8134 2.75480541976
8135 3.88564822291
8136 4.12485490853
8137 2.05020168863
8138 3.12232933079
8139 3.324572863
8140 5.99730819477
8141 2.53950196329
8142 2.64172113945
8143 4.87298445411
8144 4.97083578933
8145 4.79903634803
8146 4.50543874381
8147 3.9443633839
8148 5.23179448254
8149 2.2198281091
8150 1.95450157496
8151 1.35211701998
8152 2.75915146143
8153 4.26840507903
8154 1.75443106358
8155 3.44417620581
8156 3.22889454861
8157 2.0849918212
8158 5.56670128182
8159 0.573565182766
8160 2.28071629092
8161 3.1158102683
8162 1.26513078892
8163 2.30464131934
8164 0.797560722565
8165 3.97698049564
8166 1.64786584576
8167 2.46774867732
8168 5.43840585569
8169 1.13464054268
8170 5.65586053372
8171 2.64606718111
8172 6.48663026871
8173 1.39342621505
8174 3.46595001267
8175 4.02265753164
8176 3.35938479485
8177 4.83819432154
8178 1.86534232306
8179 3.20496952019
8180 3.1897365751
8181 5.42754075153
8182 2.40249265456
8184 5.74504158489
8185 4.69247113021
8186 2.93312392356
8187 5.80592976671
8188 2.82438568491
8189 4.86861661317
8191 1.71746791018
8192 5.41882686893
8193 0.799733743396
8194 3.79431595018
8195 2.2198281091
8196 3.48333417932
8197 2.47861378147
8198 1.9871186867
8199 2.11760893294
8200 5.62976248447
8201 2.13284187803
8202 2.19807610151
8203 6.53663154709
8204 1.12812148019
8205 2.68085731368
8206 3.34849789142
8207 1.02372928319
8208 4.17924582713
8209 1.77618307116
8210 6.44529927437
8211 2.41989862048
8212 5.59714537273
8213 2.28723535341
8214 7.00420161345
8215 1.30426696315
8216 5.80375674588
8217 0.908471982049
8218 1.26730380975
8219 0.517023042609
8220 1.30861300481
8221 5.16001939729
8222 4.91646667001
8223 4.61852302413
8224 2.00235163179
8225 3.20279649936
8226 1.27599589307
8227 2.76132448226
8228 2.67651127202
8229 1.34777097832
8230 6.38006505088
8231 4.4749946529
8232 4.31623333659
8233 2.50688485155
8234 5.36663077044
8235 3.80300803351
8236 4.10964376271
8237 2.55038886672
8238 1.24337878133
8239 4.54459671732
8240 0.771462673317
8241 2.94835686865
8242 4.90994760752
8243 2.13936094053
8244 0.630107322923
8245 2.42424466214
8246 6.10604643342
8247 4.22272804303
8248 1.44779533437
8249 4.01831148998
8250 5.07088194466
8251 2.53515592163
8252 1.38473413172
8253 5.08609309048
8254 2.32202548598
8255 2.76349750309
8256 1.89361339314
8257 2.42641768297
8258 1.1955287245
8259 3.23758663193
8260 7.72186526885
8261 3.29195575126
8262 5.27964453937
8263 0.686649463081
8264 1.72181395184
8265 2.58952504095
8266 5.22527542004
8267 3.94001734224
8268 1.63917376243
8269 4.49891968132
8270 0.828004813474
8271 2.84396467166
8272 2.01538975678
8273 3.93567130058
8274 1.67179087417
8275 6.15604771181
8276 2.62866121519
8277 4.75553233286
8279 7.37172552447
8280 3.6746908081
8281 2.26113730416
8282 5.26875763594
8283 7.6348572385
8284 2.41989862048
10643 5.56887430265
10644 0.601836252845
10645 3.5050861869
10646 3.03534309972
10647 3.88999426457
10648 1.28034193473
10649 3.15929248419
10650 3.20496952019
10651 2.97662793873
10652 0.851929841891
10653 3.40721305241
10654 5.26006555261
10655 1.83489823215
10656 0.797560722565
10657 4.18793791045
10658 4.99041477609
10659 4.58590591239
10660 5.77765869663
10661 4.06396672671
10662 1.60872967152
10663 0.573565182766
10664 1.02372928319
10665 0.545294112687
10666 2.45903479472
10667 1.39342621505
10668 1.89578641397
10669 2.97662793873
10670 5.80156192577
10671 4.75553233286
10672 1.77618307116
10673 1.94363647081
10674 1.95232855413
10675 4.03354443508
10676 3.79866199185
10677 6.28871097888
10678 0.630107322923
10679 3.73994683086
10680 3.54204934031
10681 3.51812431189
10682 0.854102862722
10683 2.96791405613
10684 3.05926812814
10685 2.44599666973
10686 0.658378393002
10687 1.16725765442
10688 2.83092654668
10689 2.42424466214
10690 2.31767944432
10691 3.27457158461
10692 2.98749304289
10693 1.61090269235
10694 0.769289652486
10695 2.6525862436
10696 3.98352135741
10697 2.25244522084
10698 6.66927301489
10699 3.37894198233
10700 2.67651127202
10701 3.6399224748
10702 2.84179165083
10703 2.56125397088
10704 1.81314622457
10705 0.967187143037
10706 2.52429081747
10707 2.83744560917
10708 2.08933786286
10709 0.969360163868
10710 2.81352058075
10711 0.738845561576
10712 4.31406031576
10713 1.19118268284
10714 0.795387701734
10715 2.81786662241
10716 1.13029450102
10717 1.4195242643
10718 4.23361494646
10719 6.38658411338
10720 2.00887069429
10721 2.5264638383
10722 2.84831071332
10723 2.7047823421
10724 1.02155626236
10725 1.35429004081
10726 1.3303650124
10727 2.01321673595
10728 1.95667459579
10729 0.573565182766
10730 5.21221549578
10731 1.84576333631
10732 2.79828763566
10733 7.4260946438
10734 1.16508463359
10735 1.74573898026
10736 2.50253880989
10737 2.1676320106
10738 2.83309956751
10739 0.799733743396
10740 2.15022604468
10741 3.72471388576
10742 1.95232855413
10743 2.36770252199
10744 0.710574491498
10745 1.58697766394
10746 1.96973452005
10747 1.53260854461
10748 3.23324059027
10749 2.06323981361
10750 1.36080910331
10751 2.92443184024
10752 0.995458213116
10753 2.05672075112
10754 3.80300803351
10755 4.52501773057
10756 0.432209832372
10757 0.514850021778
10758 0.908471982049
10759 4.24450184989
10760 0.714920533159
10761 3.40938607324
10762 1.83924427381
10763 1.97842660338
10764 1.33471105406
10765 2.47644076064
10766 4.77945736128
10767 2.22200112993
10768 1.36515514497
10769 4.61202576091
10770 1.39125319422
10771 5.06218986134
10772 3.7356007892
10773 0.373494671384
10774 0.658378393002
10775 1.55870659386
10776 2.74391851633
10777 3.324572863
10778 2.1741510731
10779 0.743191603238
10780 3.07013323229
10781 6.76931917022
10782 3.44419800508
10783 3.14190831754
10784 0.997631233947
10785 3.38111500316
10786 1.71964093101
10787 1.63482772077
10788 1.52391646129
10789 2.90267983265
10790 3.90522720967
10791 3.45289008841
10792 0.884546953632
10793 4.8490594257
10794 2.84831071332
10795 3.34632487059
10796 1.86968836472
10797 0.48875197253
10798 1.83272521132
10799 3.45723613007
10800 1.58915068477
10801 5.09043913214
10802 3.29847481375
10803 4.83165345977
10804 5.83420083679
10805 1.23034065635
10806 4.94691076092
10807 2.11543591211
10808 5.28833662269
10809 4.94256471926
10810 4.31188729492
10811 2.48295982313
10812 3.58118551454
10813 4.86861661317
10814 2.06106679278
10815 1.52391646129
10816 0.403938762294
10817 5.45144398067
10818 0.627934302092
10819 0.884546953632
10820 3.63774945397
10821 4.79903634803
10822 3.08971221905
10823 0.875854870308
10824 1.83707125298
10825 5.07088194466
10826 3.20714254102
10827 2.77653562807
10828 1.86751534389
10829 8.08938917987
10830 2.74611333644
10831 1.46954734196
10832 0.601836252845
10833 2.35901043866
10834 4.02700357331
10835 2.76567052392
10836 4.03134961497
10837 2.5264638383
10838 1.69788892342
10839 2.81569360158
10840 3.63338161304
10841 3.35284393308
10842 4.2662320582
10843 6.13646872505
10844 1.21510771125
10845 2.6156230902
10846 9.03537261745
10847 2.45903479472
10848 4.0422365184
10849 1.64134678326
10850 2.31333340266
10851 3.1158102683
10852 1.97408056172
10853 1.66961785334
10854 6.73672385775
10855 4.15749381955
10856 3.57683947288
10857 3.7356007892
10858 1.91536540073
10859 2.13501489886
10860 6.77583823271
10861 4.58373289156
10862 2.46992169815
10863 4.97083578933
10864 1.0172102207
10866 4.50326572298
10867 1.91101935907
10868 0.828004813474
10869 2.31985246515
10870 3.47679331755
10871 5.62543824208
10872 4.82948043894
10873 0.432209832372
10874 4.46847559041
10875 1.53478156544
10876 5.29922352612
10877 4.32929326085
10878 1.32819199157
10879 2.47426773981
10880 2.35901043866
10881 2.90919889514
10882 1.07375236086
10883 2.13501489886
10884 3.2419326736
10885 3.86606923616
10886 1.8153192454
10887 2.3916275504
10888 5.22310239921
10889 1.09767738928
10890 6.25392084631
10891 1.58915068477
10892 1.10419645177
10893 4.37931633851
10894 1.29557487983
10895 0.799733743396
10896 2.77873044818
10897 3.46158217173
10898 4.84688640487
10899 1.75443106358
10900 2.31767944432
10901 4.71639615863
10902 0.545294112687
10903 1.35646306165
10904 3.08753919822
10905 0.769289652486
10906 1.80662716207
10907 7.34997351688
10908 1.43475720939
10909 1.49999143287
10910 1.78270213366
10911 1.53478156544
10912 1.76749098784
10913 0.460480902451
10914 2.17197805227
10915 4.72726126278
10916 3.03751612055
10917 2.56125397088
10918 1.98277264504
10919 4.71856917946
10920 2.1219549746
10921 3.49419928347
10922 1.80445414124
10923 5.82550875347
10924 2.56777303337
10925 2.67868429285
10926 1.74356595942
10927 2.50905787238
10928 2.14370698219
10929 4.94473774009
10930 4.32492541991
10931 2.65041322277
10932 3.36807687817
10933 3.76604488011
10934 1.53260854461
10935 1.10854249343
10936 2.78959555234
10937 1.97842660338
10938 3.85957197294
10939 3.29630179292
10940 2.05889377195
10941 1.63265469994
10942 2.68085731368
10943 0.738845561576
10944 2.72436132886
10945 1.72398697267
10946 2.71347442542
10947 5.88422391445
10948 2.67651127202
10949 3.32891890466
10950 2.85265675499
10951 5.89508901861
10952 2.55473490838
10953 0.68447644225
10954 1.81097320374
10955 4.68377904689
10956 4.15749381955
10957 4.79469030637
10958 1.98059962421
10959 3.12450235162
10960 2.69826327961
10961 4.7881494446
10962 3.33763278726
10963 4.50328752226
10964 3.40504003157
10965 3.06144114897
10966 1.38908017339
10967 5.05564899957
10968 4.25971299571
10969 6.76280010772
10970 3.25933863952
10971 2.81786662241
10972 0.965014122206
10973 3.54639538197
10974 3.30064783458
10975 3.25281957703
10976 2.87440876257
10977 2.80263367732
10978 1.58480464311
10979 1.44562231354
10980 2.73088039135
10981 1.50433747453
10982 6.39744921753
10983 1.97190754088
10984 2.4351097663
10985 2.68520335535
10986 5.2448544068
10987 1.33471105406
10988 3.84433902785
10989 1.39342621505
10990 4.63375596922
10991 1.30209394232
10992 7.57614207751
10993 0.91281802371
10994 1.29992092149
10995 2.58300597846
10996 1.89144037231
10997 0.797560722565
10998 1.75660408441
10999 2.76784354475
11000 3.60728356379
11001 0.825831792643
11002 5.20571823256
11003 4.19662999378
11004 2.70912838376
11005 2.01104371512
11006 4.79032246543
11007 2.54384800495
11008 6.47574336528
11009 1.61307571319
11010 2.24375313752
11011 1.30861300481
11012 4.27927018318
11013 5.20571823256
11014 1.21510771125
11015 1.61090269235
11016 3.88347520208
11017 2.68085731368
11018 2.90050681182
11019 3.8182409786
11020 1.07592538169
11022 4.15097475705
11023 1.10854249343
11024 1.04765431161
11025 2.28723535341
11026 2.81786662241
11027 2.78524951067
11028 5.97990222884
11030 3.31805380051
11031 3.92915223808
11032 3.9443633839
11033 1.72181395184
11034 4.77076527795
11035 3.324572863
11036 3.30499387625
11037 2.06758585528
11038 0.821485750981
11039 0.234312341821
11040 3.17235240845
11041 2.30681434017
11042 4.59896583665
11043 1.08244444418
11044 1.32601897074
11045 0.601836252845
11046 2.05454773029
11047 4.13576361124
11048 1.19118268284
11049 1.01938324153
11050 4.0944326169
11051 3.15711946336
11052 3.10275034403
11053 1.3303650124
11054 0.941089093789
11055 2.42859070381
11056 1.33253803323
11057 4.69247113021
11058 6.23870970049
11059 5.47754202992
11060 3.68123166987
11061 1.58263162228
11062 3.19190959593
11063 1.57828558061
11064 2.90702587431
11065 1.2781689139
11066 4.39018144267
11067 1.46737432113
11068 1.53043552378
11069 3.15711946336
11070 2.13501489886
11071 0.884546953632
11072 5.02955095032
11073 2.00452465263
11074 2.11543591211
11075 2.10674382879
11076 2.11760893294
11077 3.75952581761
11078 3.33980580809
11079 1.19335570367
11080 2.83744560917
11081 2.22417415076
11082 1.66092577002
11083 0.658378393002
11084 0.941089093789
11085 1.10854249343
11086 2.11760893294
11087 0.601836252845
11088 1.39125319422
11089 1.38473413172
11090 8.15462340335
11091 3.75515797667
11092 6.98462262669
11093 1.36080910331
11094 4.10529772105
11095 2.50253880989
11096 5.17527414166
11097 4.93604565676
11098 3.7356007892
11099 2.6156230902
11100 5.42317291059
11101 5.61455133865
11102 5.41448082727
11103 2.9287778819
11104 4.26405903737
11105 1.41517822263
11106 1.75660408441
11107 2.41555257882
11108 1.69136986093
11109 0.68447644225
11110 1.63917376243
11111 1.69354288176
11112 3.76604488011
11113 1.78052911283
11114 3.75298495584
11115 3.46375519256
11116 3.32239984217
11117 1.49781841204
11118 1.94798251247
11119 1.48695330788
11120 6.4496671153
11121 3.87258829865
11122 2.83744560917
11123 3.06796021146
11124 4.0335226358
11125 0.993285192285
11126 1.44127627188
11127 1.42169728513
11128 1.10854249343
11129 3.18104449178
11130 2.03062270187
11131 1.46954734196
11132 2.71564744625
11133 6.0886404675
11134 1.61307571319
11135 0.432209832372
11136 1.66527181168
11137 3.30718869635
11138 3.93349827975
11139 1.2781689139
11140 4.61417698247
11141 1.60221060903
11142 4.84036734237
11143 4.02700357331
11144 3.34849789142
11145 2.75480541976
11146 0.686649463081
11147 3.93784432141
11148 1.57176651812
11149 2.30029527767
11150 2.1219549746
11151 2.41989862048
11152 4.16183986121
11153 3.47898813766
11154 5.59282113034
11155 5.03824303365
11156 5.08826611131
11157 1.19118268284
11158 2.72436132886
11159 5.45144398067
11160 3.57249343122
11161 3.36155781568
11162 4.92518055261
11163 4.75335931203
11164 2.33943145191
11165 2.8831008459
11166 2.50036578906
11168 2.73305341218
11169 2.87006272091
11170 2.84179165083
11171 3.78996990852
11172 5.32966761703
11173 0.797560722565
11174 1.98494566587
11175 3.8182409786
11176 4.89690948253
11177 3.3789637816
11178 2.69826327961
11179 1.75660408441
11180 1.02372928319
11181 1.70440798591
11183 6.11254369664
11184 3.62903557137
11185 1.1955287245
11186 3.60076450129
11187 2.05237470946
11188 1.33688407489
11189 2.14588000302
11190 4.6163500033
11191 1.91753842156
11192 3.45289008841
11193 3.39852096908
11194 2.86788970008
11195 2.87223574174
11196 0.797560722565
11197 4.10529772105
11198 3.5050861869
11199 3.09405826071
11200 1.38256111089
11201 3.04403518304
11203 3.52247035355
11204 3.27672280617
11205 1.52391646129
11206 6.43658539177
11207 1.41735124347
11208 3.79648897101
11209 1.30209394232
11210 3.40069398991
11211 2.51123089321
11212 4.04440953923
11213 5.00564772118
11214 3.1158102683
11215 1.11071551426
11216 2.77655742735
11217 1.81749226623
11218 0.856275883553
11219 2.05454773029
11220 2.70043630044
11221 4.55980786314
11222 5.06868712456
11223 1.29992092149
11224 6.09081348833
11225 0.45830788162
11226 2.03714176437
11227 1.39342621505
11228 1.38908017339
11229 0.91281802371
11230 6.64102374409
11231 1.58697766394
11232 1.10854249343
11233 3.56814738955
11234 1.189009662
13632 5.04912993708
13633 8.20901432195
13634 3.77910480437
13635 1.5478414897
13636 2.10674382879
13637 1.27599589307
13638 6.6279856191
13639 7.23908405668
13640 1.86534232306
13641 5.05347597874
13642 2.45903479472
13643 2.46120781555
13644 5.61018349771
13645 6.95635155661
13646 2.06106679278
13647 1.83272521132
13648 6.60188756985
13649 5.84726076105
13650 6.68887380092
13651 1.39125319422
13652 3.73777381003
13653 1.35863608248
13654 2.96576283458
13655 3.73125474753
13656 5.72331137658
13657 1.08244444418
13658 7.68272909461
13659 3.55291444446
13660 6.33873405654
13661 5.07088194466
13662 1.91753842156
13663 8.14158527836
13664 3.12884839328
13665 8.62221526898
13666 4.53153679306
13667 5.7754856758
13668 3.08102013572
13669 8.82228578036
13670 3.71602180244
13671 5.12959710565
13672 5.23833534431
13673 2.50688485155
13674 1.66309879085
13675 0.965014122206
13676 8.30903867801
13677 9.14847869704
13678 4.22492286313
13679 3.32239984217
13680 3.72690870587
13681 3.6399224748
13682 4.11618462448
13683 4.01613846915
13684 4.72726126278
13685 3.5116052494
13686 4.09008657523
13687 4.20751689721
13688 5.04261087459
13689 7.18036889569
13690 5.47973685003
13691 2.27854327009
13692 6.71931789183
13693 5.03174577043
13694 8.15896944501
13695 3.28543668877
13696 2.6243369728
13697 1.7718370295
13698 2.98749304289
13699 1.47389338362
13700 5.10784509807
13701 3.1005773232
13702 4.87513567567
13703 6.74756716263
13704 2.05454773029
13705 1.26947683058
13706 4.3641051927
13707 2.40466567539
13708 2.20024912235
13709 1.38908017339
13710 4.64898891431
13711 2.36770252199
13712 2.67433825119
13713 5.07303316622
13714 4.35106706771
13715 4.46847559041
13716 1.72398697267
13717 11.0404891708
13718 0.741018582407
13719 2.27419722843
13720 3.44854404675
13721 4.26840507903
13722 5.26010915117
13723 5.78202653757
13724 12.1605104683
13725 8.35471571401
13726 7.41305651881
13727 3.77473696343
13728 6.58665462476
13729 3.46592821339
13730 5.90162988038
13731 5.86029888604
13732 7.89585953026
13733 4.42716639535
13734 1.55218753137
13735 6.76934096949
13736 5.05130295791
13737 3.44634922664
13738 1.84359031548
13739 6.32786895239
13740 4.99258779692
13741 3.97700229492
13742 2.82873172657
13743 3.45071706758
13744 5.09480697308
13745 3.53770329864
13746 5.3340136587
13747 0.48875197253
13748 2.47426773981
13749 6.72149091266
13750 2.03062270187
13751 4.31625513586
13752 4.09008657523
13753 7.36303344115
13754 6.62796381982
13755 2.57429209586
13756 2.51557693487
13757 3.81389493694
13758 0.88020091197
13759 1.31515386658
13760 1.90015425491
13761 4.8947364617
13762 3.2354136111
13763 7.63270601695
13764 5.1034990564
13765 6.72151271194
13766 4.79251728554
13767 8.09373522153
13768 10.1314470873
13769 2.78090346901
13770 4.99258779692
13771 4.23144192563
13772 4.79905814731
13773 3.41155909407
13774 5.79506466256
13775 6.80195808123
13776 4.42499337452
13777 6.21695769291
13778 7.95235807186
13779 4.07268060931
13780 6.46487826112
13781 5.26877943522
13782 4.1770728063
13783 7.54354676505
13784 3.62686255054
13785 6.04733127243
13786 2.21765508827
13787 2.73088039135
13788 5.48842893335
13789 3.91394109227
13790 3.92043835548
13791 4.09660563773
13792 2.3459505144
13793 1.91536540073
13794 2.98314700123
13795 7.94586080864
13796 7.35653617793
13797 2.92443184024
13798 6.76714614939
13799 2.00235163179
13800 5.21658333672
13801 4.8947364617
13802 3.53770329864
13803 3.42896505999
13804 3.28109064711
13805 5.26226037272
13806 1.58697766394
13807 5.84071989928
13808 4.2140359597
13809 3.70298367746
13810 8.14810434086
13811 3.08102013572
13812 5.37751767387
13813 9.6182435835
13814 3.74866071346
13815 8.9070989906
13816 4.36625641425
13817 4.11835764531
13818 2.92660486107
13819 3.79648897101
13820 1.13681356351
13821 3.07013323229
13822 6.02557926485
13823 2.14588000302
13824 3.47244727589
13825 3.64426851647
13826 9.3485710077
13827 2.54604282506
13828 4.42064733285
13829 2.30681434017
13830 0.828004813474
13831 3.80954889528
13832 8.09808126319
13833 3.56380134789
13834 3.42679203916
13835 6.71279882934
13836 2.78307648984
13837 5.49494799584
13838 4.58158167
13839 1.38038809006
13840 3.37242291983
13841 3.08536617739
13842 7.10859381044
13843 5.29705050529
13844 3.29849661303
13845 6.00600027809
13846 2.48730586479
13847 8.46779999432
13848 7.10642078961
13849 7.94151476698
13850 5.54931711517
13851 4.8947364617
13852 6.46270524029
13853 6.11256549591
13854 9.87918047743
13855 3.0636141698
13856 5.59934019284
13857 3.99221344073
13858 2.10891684962
13859 4.03137141424
13860 1.30861300481
13861 3.96176934983
13862 4.3119090942
13863 1.94146344998
13864 1.85447721891
13865 4.06398852599
13866 2.87877660351
13867 3.89001606385
13868 2.0327957227
13869 5.85160680271
13870 4.60548489914
13871 3.7812778252
13872 1.40648613931
13873 4.74903506964
13874 4.15314777788
13875 4.95127860186
13876 5.31445647122
13877 2.72870737052
13878 8.13943405681
13879 1.91753842156
13880 5.90597592204
13881 2.87440876257
13882 4.94256471926
13883 7.46090657565
13884 3.16366032513
13885 4.15314777788
13886 1.38038809006
13887 8.4416801458
13888 2.23721227575
13889 3.370249899
13890 5.78852380079
13891 3.57249343122
13892 2.11326289128
13893 3.61817046722
13894 3.62468952971
13895 1.68485079844
13896 3.31588077968
13897 2.62866121519
13898 3.10711818497
13899 1.91101935907
13900 7.63487903778
13901 4.46630256958
13902 5.75590668905
13903 2.36770252199
13904 5.0578220204
13905 3.52901121532
13906 4.07050758848
13907 4.49240061883
13908 2.96356801447
13909 1.46737432113
13910 5.78854560006
13911 2.36335648032
13912 2.41120653716
13913 11.0643923999
13914 2.95704895198
13915 7.11511287293
13916 3.94438518318
13917 6.39744921753
13918 6.60840663235
13919 3.89434030624
13920 2.6156230902
13921 7.70445930292
13922 5.27312547688
13923 4.90994760752
13924 4.2662320582
13925 1.99800559013
13926 4.6250638859
13927 3.69863763579
13928 7.40219141466
13929 4.55111577982
13930 1.44127627188
13931 1.39342621505
13932 2.37204856365
13933 5.88422391445
13934 4.65116193515
13935 7.74359547716
13936 5.86899096936
13937 3.32022682134
13938 3.71821662255
13939 2.25244522084
13940 6.63887252253
13941 2.12412799543
13942 0.965014122206
13943 3.45723613007
13944 5.18613924581
13945 7.85667975747
13946 6.80413110207
13947 2.80048245577
13948 2.4351097663
13949 2.96793585541
13950 3.37240112056
13951 2.67651127202
13952 4.10529772105
13953 3.53333545771
13954 2.37422158448
13955 5.27964453937
13956 2.95922197281
13957 3.48333417932
13958 2.58735202012
13959 7.66097708703
13960 4.29233010745
13961 10.0466774756
13962 2.98749304289
13963 2.69391723795
13964 5.47536900909
13965 2.90267983265
13966 2.83744560917
13967 1.87840224732
13968 5.27747151854
13969 4.69681717187
13970 7.96980763634
13971 1.66744483251
13972 3.31588077968
13973 2.65475926444
13974 5.93642001295
13975 3.76604488011
13976 4.45978350709
13977 7.04770562862
13978 6.73889687858
13979 3.96394237066
13980 7.19992608317
13981 6.82371008882
13982 10.3902327597
13983 3.26805252212
13984 1.44344929271
13985 2.23286623409
13986 5.81462185003
13987 3.59859148046
13988 3.4594091509
13989 4.17922402785
13990 9.12455366863
13991 3.31151293874
13992 1.69354288176
13993 7.22604593169
13994 4.82948043894
13995 6.68452775926
13996 3.19193139521
13997 3.80954889528
13998 1.18466362034
13999 5.27314727615
14000 4.02485235175
14001 2.96358981375
14002 4.47067041052
14003 1.86316930223
14004 1.73267905599
14005 4.42933941618
14006 3.86174499377
14007 3.72690870587
14008 1.66961785334
14009 4.26405903737
14010 1.33253803323
14011 5.94511209627
14012 5.551490136
14013 2.59169806179
14014 2.31116038183
14015 3.30066963386
14016 1.5021644537
14017 0.991112171454
14018 3.08536617739
14019 1.35646306165
14020 2.21330904661
14021 8.16333728595
14022 3.07884711489
14023 2.98532002206
14024 5.37534465304
14025 3.53987631948
14026 5.54931711517
14027 6.01471416069
14028 1.08027142335
14029 7.40436443549
14030 2.17632409393
14031 4.3031952116
14032 6.04079041066
14033 4.28144320401
14034 3.46375519256
14035 4.63375596922
14036 1.69354288176
14037 5.46017966255
14038 3.5116052494
14039 1.08244444418
14040 5.41882686893
14041 3.09840430237
14042 3.56162832706
14043 3.3767689615
14044 2.43730458641
14045 11.4080566803
14046 5.45146577995
14047 5.82333573263
14048 1.07592538169
14049 6.51924738045
14050 0.995458213116
14051 3.83564694452
14052 5.87985607352
14053 8.82448060047
14054 6.61494749411
14055 4.73814816621
14056 6.49532235203
14057 4.44020452033
14058 5.35359264545
14059 1.94798251247
14060 5.88422391445
14061 8.35469391473
14062 0.908471982049
14063 5.02739972877
14064 2.78742253151
14065 1.71964093101
14066 2.84396467166
14067 5.29705050529
14068 3.94655820401
14069 1.47606640445
14070 2.06323981361
14071 8.54609414207
14072 4.83167525905
14073 2.18721099736
14074 9.25504391487
14075 3.70298367746
14076 2.73522643301
14077 1.22162677375
14078 3.73125474753
14079 3.48550720015
14080 4.86646539162
14081 9.34420316676
14082 1.83272521132
14083 4.74684024954
14084 9.79004302481
14085 2.46555385721
14086 3.74214165096
14087 1.85665023974
14088 3.28109064711
14089 6.27784587472
14090 3.5116052494
14091 0.630107322923
14092 1.4195242643
14093 7.84800947342
14094 6.38875713421
14095 6.9868174468
14096 2.75263239893
14097 0.882373932801
14098 5.11653718139
14099 4.59025195405
14100 2.80700151826
14101 2.05889377195
14102 6.31046298647
14103 5.43621103558
14104 3.30718869635
14105 4.99041477609
14106 4.52938557151
14107 6.79543901874
14108 0.965014122206
14109 1.87186138556
14110 6.67798689749
14111 3.37894198233
14112 10.1466800324
14113 8.13287139576
14114 7.45871175554
14115 5.1100181189
14116 3.04838122471
14117 5.33618667953
14118 1.86968836472
14119 6.73237781609
14120 6.08429442584
14121 3.40504003157
14122 3.6834046907
14123 8.33730974808
14124 4.44891840293
14125 1.96104243673
14126 6.9781035642
14127 3.57249343122
14128 2.66564616787
14129 6.71495005089
14130 3.18321751261
14131 5.90814894287
14132 2.50471183072
14133 1.93057654654
14134 1.87403440639
14135 5.85812586521
14136 3.12669717173
14137 2.64172113945
14138 2.53950196329
14139 5.54062503185
14140 1.19118268284
14141 5.16656025905
14142 2.75480541976
14143 3.08102013572
14144 6.68452775926
14145 5.1034990564
14146 5.40578874395
14147 4.06181550515
14148 3.00924505047
14149 6.02992530651
14150 6.79543901874
14151 7.7696935264
14152 3.19408261676
14153 5.79506466256
14154 1.97190754088
14155 0.993285192285
14156 1.35863608248
14157 6.96506543921
14158 3.69644281569
14159 4.88819559993
14160 3.42461901833
14161 1.0541733741
14162 1.64134678326
14163 2.36552950116
14164 8.03938790148
14165 2.37422158448
14166 1.43910325105
14167 6.16476159441
14168 0.743191603238
14169 2.72218830802
14170 3.02230497474
14171 10.0901378922
14172 2.28940837424
14173 2.5329829008
14174 6.36048606413
14175 3.02228317546
14176 8.5939441989
14177 4.28144320401
14178 0.84975682106
14179 3.43765714332
14180 7.58702898095
14181 2.39380057123
14182 2.47861378147
14183 4.92083451095
14184 6.54749665125
14185 1.68702381927
14186 3.20714254102
14187 4.8490594257
14188 4.75555413214
14189 5.16656025905
14190 4.56634872491
14191 5.16656025905
14192 4.02919839341
14193 3.08319315655
14194 3.18104449178
14195 6.13866354516
14196 4.65768099764
14197 4.95779766435
14198 3.40286701074
14199 0.764943610824
14200 1.41735124347
14201 5.3427275413
14202 4.23796098812
14203 4.81644231396
14204 6.70191192591
14205 4.81426929312
14206 7.46307959648
14207 7.4282894639
14208 3.52029733272
14209 7.44132758889
14210 5.18179320415
14211 2.59169806179
14212 3.54639538197
14213 2.87875480423
14214 2.83092654668
14215 1.83055219049
14216 5.56889610193
14217 4.46195652792
14218 2.76132448226
14219 7.99805690714
14220 6.10821945425
14221 8.13289319504
14222 6.27347803379
14223 3.84433902785
14224 7.88062658516
14225 2.91791277774
14226 7.53048684079
14227 5.63413032541
14228 4.82950223822
14229 7.88279960599
14230 6.6192717365
14231 3.31805380051
14232 5.80592976671
16634 2.81569360158
16635 1.44996835521
16636 2.21328724733
16637 5.14915429313
16638 5.16221421739
16639 11.1296266234
16640 4.87513567567
16641 7.89803255109
16642 8.87228705875
16643 1.44996835521
16644 6.45181833686
16645 3.60511054296
16646 3.6377276547
16647 5.26875763594
16648 3.47244727589
16649 3.57032041039
16650 8.944062144
16651 2.89833379099
16652 3.00053116787
16653 4.17705100702
16654 3.5855315562
16655 4.02700357331
16656 5.09915301474
16657 4.06831276837
16658 5.78417775912
16659 4.52501773057
16660 4.74901327037
16661 2.25896428333
16662 5.5058131
16663 2.68305213379
16664 2.96791405613
16665 1.92405748405
16666 4.84251856393
16667 2.00669767346
16668 4.62069604496
16669 1.7261599935
16670 4.97952787266
16671 3.70078885735
16672 1.43475720939
16673 3.1462543592
16674 4.81207447302
16675 4.07702665097
16676 3.77690998426
16677 4.87733049578
16678 2.99401210538
16679 7.8675666609
16680 2.34377749357
16681 1.56305263552
16682 5.48186627231
16683 6.74324292025
16684 3.54422236114
16685 3.07013323229
16686 4.7511862912
16687 4.74684024954
16688 2.7417454955
16689 5.97338316635
16690 5.4623308841
16691 4.53588283472
16692 4.99476081775
16693 3.75298495584
16694 3.35501695391
16695 5.65151449205
16696 6.55186449219
16697 2.61996913186
16698 5.97121014552
16699 7.72403828968
16700 6.3495991607
16701 5.52973812842
16702 2.71784226636
16703 5.45146577995
16704 6.62796381982
16705 0.712747512329
16706 4.35973735176
16707 4.32494721919
16708 6.61709871567
16709 6.567075638
16710 2.20242214318
16711 3.94870942556
16712 4.69464415104
16713 4.67506516429
16714 7.45653873471
16715 4.04658256006
16716 4.14877993694
16717 4.15529899944
16718 2.47861378147
16719 3.72254086493
16720 6.71929609255
16721 4.78163038211
16722 4.11833584604
16723 4.58807893322
16724 7.4717716798
16725 6.19737870615
16726 7.06076555288
16727 5.72544079886
16728 3.57466645205
16729 1.16073859193
16730 6.79324419863
16731 4.59677101654
16732 5.01866404689
16733 4.54892095971
16734 8.30032479541
16735 7.91978455867
16736 2.07193189694
16737 5.41015658489
16738 3.6834046907
16739 5.53843021174
16740 1.19335570367
16741 3.22452670767
16742 4.84469158476
16743 4.25099911311
16744 5.3709768121
16745 4.99258779692
16746 4.28361622485
16747 3.29412877209
16748 3.18104449178
16749 6.18214576106
16750 2.3981466129
16751 5.91901404703
16752 4.1683589237
16753 7.75011453965
16754 4.10095167939
16755 6.62361777816
16756 5.3187807136
16757 1.96973452005
16758 3.04403518304
16759 2.64824020194
16760 3.97480747481
16761 4.80772843136
16762 7.37172552447
16763 5.97338316635
16764 4.15966684038
16765 5.78635077996
16766 4.82076655634
16767 3.7268869066
16768 4.00307854489
16769 7.32172424608
16770 3.74863891418
16771 4.95345162269
16772 3.56814738955
16773 4.72074220029
16774 4.44889660366
16775 5.89291599778
16776 5.45796304317
16777 3.10709638569
16778 2.37856762614
16779 7.76317446391
16780 5.66020657538
16781 1.80228112041
16782 3.48333417932
16783 5.45796304317
16784 4.38583540101
16785 4.47716767373
16786 5.4079399655
16787 5.76896661331
16788 1.92840352571
16789 9.98574569525
16790 4.80990145219
16791 6.75628104523
16792 4.08354571346
16793 6.22128193529
16794 3.40504003157
16795 3.33326494632
16796 3.37459594067
16797 5.69936454889
16798 1.71964093101
16799 2.72870737052
16800 6.77368701116
16801 3.57683947288
16802 1.6370007416
16803 4.2662320582
16804 2.42207164131
16805 2.08933786286
16806 1.77401005033
16807 2.98966606372
16808 6.00597847882
16809 3.38546104482
16810 7.88060478589
16811 8.17857023104
16812 7.06941403765
16813 5.0860712912
16814 2.62214215269
16815 2.96356801447
16816 4.65333495598
16817 3.96611539149
16818 4.3031952116
16819 3.94653640473
16820 6.95635155661
16821 2.93746996522
16822 3.45723613007
16823 1.44562231354
16824 2.67868429285
16825 3.81172191611
16826 7.12378315698
16827 7.38910969112
16828 8.04153912304
16829 4.06613974754
16830 5.52539208675
16831 4.55763484231
16832 7.48046376312
16833 3.35718997474
16834 4.6989901927
16835 3.13102141411
16836 5.99294035383
16837 4.81642051468
16838 5.12742408482
16839 6.93459954903
16840 6.51487953951
16841 6.85630540128
16842 6.61707691639
16843 4.37060245591
16844 4.7055092552
16845 8.32424982382
16846 5.89074297695
16847 5.03172397115
16848 5.24048656586
16849 3.6312085922
16850 6.2691537914
16851 3.66165268311
16852 3.34632487059
16853 3.97480747481
16854 3.41807815656
16855 3.60293752213
16856 4.47716767373
16857 5.90378110193
16858 1.53260854461
16859 6.80193628196
16860 4.77945736128
16861 13.1455864816
16862 5.36228472877
16863 2.88746868683
16864 3.43765714332
16865 5.32966761703
16866 9.1680576838
16867 6.63015863993
16868 3.29847481375
16869 1.33471105406
16870 5.29922352612
16871 3.39634794825
16872 5.74067374395
16873 4.33581232334
16874 3.09623128154
16875 4.84469158476
16876 2.26113730416
16877 1.4130052018
16878 3.57032041039
16879 1.16073859193
16880 5.31660769277
16881 2.79176857317
16882 3.5028913668
16883 3.78777508841
16884 4.87513567567
16885 5.55800919849
16886 3.52247035355
16887 4.35756433093
16888 4.8403455431
16889 7.53483288245
16890 6.95200551495
16891 3.31805380051
16892 7.04768382934
16893 6.35614002247
16894 5.15350033479
16895 4.89254164159
16896 4.7968633272
16897 6.84763511724
16898 4.47064861124
16899 1.75443106358
16900 4.81424749385
16901 4.54676973815
16902 4.57501900896
16903 7.11074503199
16904 6.41702820429
16905 2.56342699171
16906 5.77980991819
16907 6.80410930279
16908 6.3039221247
16909 5.00779894274
16910 6.16910763607
16911 5.47319598826
16912 3.55074142363
16913 5.86245010759
16914 2.4807868023
16915 4.64462107338
16916 4.76857045785
16917 3.74863891418
16918 5.72328957731
16919 2.68085731368
16920 6.63667770242
16921 4.19880301461
16922 3.94870942556
16923 1.52826250295
16924 5.11436416056
16925 3.68775073236
16926 6.07558054324
16927 4.29015708662
16928 7.13469185969
16929 4.31408211503
16930 4.83602130071
16931 4.70987709613
16932 4.35973735176
16933 8.30469263634
16934 6.59315188798
16935 8.18724051509
16936 2.26113730416
16937 4.83817252227
16938 3.64207369636
16939 2.62431517353
16940 3.28106884783
16941 3.94870942556
16942 4.41845251275
16943 5.4688499466
16944 4.89254164159
16945 4.97083578933
16946 2.23721227575
16947 6.15604771181
16948 2.51340391404
16949 6.95417853578
16950 1.81314622457
16951 1.02590230403
16952 4.52067168891
16953 10.0879430721
16954 6.97593054337
16955 5.65803355455
16956 4.49240061883
16957 3.94219036307
16958 4.6185448234
16959 8.17854843177
16960 4.36408339342
16961 5.61237831782
16962 4.51195780631
16963 3.1897365751
16964 3.52681639521
16965 5.37314983293
16966 5.20135039163
16967 6.47574336528
16968 2.56777303337
16969 5.65803355455
16970 6.02340624402
16971 3.39198010731
16972 7.43044068546
16973 6.02121142391
16974 4.55980786314
16975 1.74356595942
16976 4.9229857325
16977 5.3709768121
16978 4.54022887638
16979 7.70880534458
16980 1.72833301433
16981 3.98352135741
16982 4.85123244653
16983 6.32786895239
16984 2.82873172657
16985 3.68775073236
16986 3.04403518304
16987 5.00779894274
16988 1.97408056172
16989 4.6989901927
16990 6.25389904703
16991 2.7417454955
16992 5.66674743715
16993 4.06396672671
16994 5.89508901861
16995 4.36408339342
16996 6.01034631975
16997 2.42207164131
16998 3.85303111117
16999 2.80263367732
17000 4.6533131567
17001 5.00997196357
17002 3.36370903723
17003 4.28361622485
17004 7.52394597902
17005 5.51235396177
17006 5.21658333672
17007 3.38546104482
17008 6.27784587472
17009 3.48333417932
17010 4.8338264806
17011 4.95125680258
17012 6.34090707737
17013 3.65730664145
17014 2.31767944432
17015 5.06434108289
17016 4.93604565676
17017 8.38079196398
17018 3.04620820388
17019 3.32674588383
17020 5.41663204882
17021 4.63810201088
17022 2.23286623409
17023 5.18179320415
17024 5.39272881968
17025 4.82293957717
17026 3.99438646157
17027 3.83779816608
17028 5.81462185003
17029 5.63413032541
17030 4.75770535369
17031 6.1777997194
17032 3.55943350695
17033 5.5949723519
17034 5.96903712469
17035 4.80120936886
17036 5.91466800536
17037 4.96431672684
17038 7.50219397143
17039 2.75915146143
17040 0.932397010465
17041 2.2111142265
17042 5.2013721909
17043 3.44852224747
17044 4.91646667001
17045 5.13177012648
17046 3.29195575126
17047 4.35756433093
17048 3.30501567552
17049 3.87478311876
17050 5.66892045798
17051 4.37497029685
17052 1.189009662
17053 5.2361405242
17054 7.25429520249
17055 6.28436493722
17056 3.03317007889
17057 5.12740228554
17058 6.64319676492
17059 4.69247113021
17060 4.69464415104
17061 4.71639615863
17062 6.1777997194
17063 5.85595284438
17064 5.98207524968
17065 5.88637513601
17066 5.6841316038
17067 4.51415262641
17068 3.46375519256
17069 4.32277419836
17070 2.57429209586
17071 3.84214420774
17072 1.27382287224
17073 4.22490106386
17074 4.45978350709
17075 3.32674588383
17076 3.95522848806
17077 3.92261137632
17078 5.62976248447
17079 2.84396467166
17080 6.76714614939
17081 3.07882531562
17082 2.14370698219
17083 4.43366365856
17084 4.28361622485
17085 5.53191114925
17086 6.78018427437
17087 5.70371059055
17088 3.60293752213
17089 3.33978400882
17090 2.99837994632
17091 5.39272881968
17092 5.97772920801
17093 7.96761281623
17094 5.1013042363
17095 5.14915429313
17096 7.25861944488
17097 2.61127704854
17098 3.18539053344
17099 5.16873327989
17100 3.40504003157
17101 3.50506438763
17102 3.53770329864
17103 3.7268869066
17104 5.23179448254
17105 2.01104371512
17106 5.97121014552
17107 4.11833584604
17108 3.1005773232
17109 6.99111988991
17110 6.39742741826
17111 3.70078885735
17112 7.37824458696
17113 3.88999426457
17114 3.63338161304
17115 1.25207086465
17116 1.64569282493
17117 9.12455366863
17118 4.03786867746
17119 3.23758663193
17120 5.13392134804
17121 4.11835764531
17122 3.44634922664
17123 4.63375596922
17124 3.77908300509
17125 3.62686255054
17126 4.55546182148
17127 4.71856917946
17128 4.11398980437
17129 5.88202909435
17130 5.40144270228
17131 5.37314983293
17132 4.86861661317
17133 5.1991773708
17134 5.94076605461
17135 5.945090297
17136 5.89072117767
17137 1.90013245563
17138 4.86209755068
17139 6.04513645233
17140 8.75485673677
17141 5.50146705834
17142 3.06144114897
17143 4.28578924568
17144 4.90557976658
17145 5.16873327989
17146 1.08244444418
17147 2.85048373416
17148 2.19807610151
17149 8.77004608331
17150 4.58155987073
17151 2.43728278713
17152 5.5949723519
17153 5.9538041796
17154 2.69826327961
17155 1.16725765442
17156 3.50074014524
17157 4.01394364904
17158 5.80810278754
17159 7.46740383886
17160 5.48842893335
17161 3.75298495584
17162 4.20314905627
17163 3.65947966228
17164 4.66856790107
17165 7.71967044874
17166 4.96429492757
17167 3.49854532513
17168 6.4322393501
17169 10.4728729491
17170 6.3495991607
17171 2.93529694439
17172 4.70985529686
17173 4.6902763101
17174 4.67506516429
17175 4.88382775899
17176 3.324572863
17177 6.15604771181
17178 4.59242497488
17179 7.74142245632
17180 2.56125397088
17181 6.55838355468
17182 3.21148858269
17183 4.3553913101
17184 5.00997196357
17185 3.67905864904
17186 2.73088039135
17187 4.50109270215
17188 8.1285253541
17189 3.60293752213
17190 5.23616232347
17191 1.64786584576
17192 6.02557926485
17193 3.60728356379
17194 3.97046143315
17195 2.73957247467
17196 5.76025273071
17197 7.12380495625
17198 3.60076450129
17199 7.09553388618
17200 2.72216650875
17201 7.60221832749
17202 4.0791996718
17203 4.76424621546
17204 6.66929481416
17205 6.09298650916
17206 3.41155909407
17207 1.75008502192
17208 3.96828841232
17209 7.79796459648
17210 4.28144320401
17211 2.90485285348
17212 6.44964531603
17213 1.67613691584
17214 6.89980941646
17215 1.55218753137
17216 4.76205139535
17217 4.13356879113
17218 2.67868429285
17219 4.19662999378
17220 2.81134755992
17221 6.58882764559
17222 5.62976248447
17223 5.58628026857
17224 5.05130295791
17225 6.57361649977
17226 5.57541516442
17227 3.57683947288
17228 7.66312830858
17229 4.16618590287
17230 5.79069682162
17231 4.27275112069
17232 2.32856634775
17233 1.38690715256
19564 4.27709716235
19565 9.36593337507
19566 3.72254086493
19567 2.9744549179
19568 7.08684180285
19569 3.79866199185
19571 5.72326777803
19572 3.91391929299
19573 4.87078963401
19574 10.2380123051
19575 8.12200629161
19576 8.35688873484
19577 2.81569360158
19579 6.07127810013
19580 7.31520518359
19582 3.63990067553
19583 2.90702587431
19585 4.68377904689
19586 14.3287125803
19587 2.94616204855
19588 3.15711946336
19589 5.73198166063
19590 3.80083501268
19592 8.55695924622
19593 14.5678974667
19595 3.15929248419
19596 7.65226320443
19597 4.92515875333
19598 3.13971349744
19599 11.5537362731
19600 4.92954839355
19601 3.53987631948
19602 13.3500466332
19603 7.97628310028
19604 4.25969119643
19605 10.1988543316
19606 5.05130295791
19607 3.35067091225
19608 10.975233148
19609 27.7294177904
19611 7.02810484259
19613 2.33073936858
19614 6.33653923644
19615 6.73452903765
19616 3.61380262628
19617 4.68593026844
19619 4.64244805255
19621 2.23938529658
19622 4.39670050516
19624 21.5487659524
19625 16.4294638495
19626 3.02447799557
19627 1.26947683058
19628 3.11363724746
19629 13.1238780725
19630 14.7027119553
19631 15.6857239441
19632 1.66961785334
19633 8.12200629161
19634 6.67581387666
19635 6.39093015504
19636 3.30064783458
19637 4.7077040753
19639 3.56162832706
19640 4.85340546736
19641 2.23069321325
19642 12.2714217278
19643 7.59135322333
19644 3.22889454861
19645 6.06256421753
19646 2.95704895198
19647 5.58628026857
19648 10.1358149282
19649 4.25317213394
19650 4.78380340294
19652 2.50688485155
19653 1.35863608248
19655 17.0927801848
19656 5.72331137658
19660 4.97952787266
19661 4.71202831769
19662 4.62289086507
19663 5.76025273071
19666 4.94039169843
19670 2.83961863
19671 5.19480952986
19672 2.10674382879
19674 1.6891968401
19675 3.03751612055
19676 11.2079425704
19677 3.24845173609
19678 5.60803227616
19679 5.69501850723
19680 6.13866354516
19681 5.53627899019
19682 4.87952531588
19683 5.88856995612
19684 5.26223857345
19685 1.64569282493
19686 5.85812586521
19687 14.4874520974
19688 7.82408444501
19690 2.64606718111
19691 2.9287778819
19692 5.10132603557
19694 5.36880379127
19696 7.48044196385
19697 1.98059962421
19698 14.8658629118
19700 5.76244755082
19701 5.216605136
19702 3.69426979485
19703 4.86209755068
19704 6.39093015504
19705 8.60917714399
19706 3.69209677402
19707 9.26588721974
19708 2.93095090273
19709 5.33184063787
19710 4.04440953923
19712 6.46705128195
19713 8.31336292039
19714 7.5522170491
19716 7.27604721008
19717 8.79184168945
19718 4.89910430264
19719 11.1318214435
19720 6.30174910387
19721 4.53155859234
19722 3.34851969069
19723 2.90919889514
19724 5.30572078934
19726 1.74791200109
19727 9.63343293004
19728 2.36552950116
19729 2.78090346901
19731 1.78270213366
19732 2.15239906551
19733 5.11434236128
19734 4.40109014538
19735 9.86399113089
19736 3.3615360164
19737 3.42896505999
19738 7.17380623464
19739 3.7356007892
19740 11.6472197674
19741 3.28324186866
19742 2.28506233258
19743 2.48730586479
19746 3.79214292935
19749 4.09223779679
19750 3.7356007892
19752 8.13072017421
19753 3.90305418884
19754 8.21987942611
19755 3.26368468118
19756 5.44492491818
19757 6.29305702054
19758 21.5226679031
19760 1.67179087417
19761 5.6319355053
19763 3.02447799557
19765 7.36955250364
19766 5.92987915118
19767 3.40721305241
19769 3.3767689615
19771 10.9948557333
19773 2.94616204855
19774 7.07158705848
19775 4.69247113021
19780 2.16545898977
19781 5.8646449277
19782 9.77476648116
19785 3.62903557137
19786 14.8680577319
19788 2.91356673608
19789 2.1676320106
19790 3.28978273043
19791 1.58045860144
19792 2.86788970008
19796 6.33438801488
19797 5.64716845039
19798 2.5329829008
19800 7.38259062863
19801 2.30681434017
19804 2.04368262614
19806 4.27709716235
19810 4.09660563773
19812 7.67838305295
19815 2.263310325
19816 1.7261599935
19817 5.14915429313
19818 2.09585692535
19820 1.61742175485
19823 4.73160730444
19824 4.4749946529
19825 7.90674643369
19826 3.17887147095
19827 5.4166538481
19828 3.85955017367
19829 13.2761421256
19830 5.39926968145
19831 7.56742819491
19832 5.59279933107
19833 11.0535054965
19834 2.31116038183
19835 11.3253946917
19837 16.9514248344
19838 4.96648974767
19839 10.3097873904
19840 3.17452542928
19842 4.87515747494
19843 4.22707408469
19844 4.76422441618
19845 7.77406136734
19846 4.03789047674
19848 5.68849944473
19849 5.68195858296
19851 6.35177218153
19852 6.9324265282
19853 4.50109270215
19855 5.37532285376
19856 2.41989862048
19857 10.9208640287
19858 3.61599744639
19859 1.87403440639
19861 18.0301151376
19862 6.38438929327
19864 5.31880251288
19865 3.03317007889
19866 4.89254164159
19869 10.2032221726
19871 2.70695536293
19872 5.51450518332
19873 2.70260932127
19874 7.24127887678
19875 5.82548695419
19876 3.65513362062
19877 1.38256111089
19878 4.58807893322
19879 5.06001684051
19880 6.97595234265
19881 1.91753842156
19882 2.33725843108
19883 4.14880173622
19884 4.9316996151
19885 2.92443184024
19887 3.04186216221
19888 2.37422158448
19889 7.33474057179
19890 2.73305341218
19892 6.74976198274
19893 4.69029810938
19894 8.96792177459
19896 2.93312392356
19897 6.31480902813
19898 4.7055092552
19900 3.67688562821
19901 5.00999376284
19903 5.26875763594
19904 1.60655665069
19905 4.54676973815
19906 2.88964170767
19908 2.73522643301
19909 6.51487953951
19910 7.20425032555
19912 2.77001656558
19914 8.26555646211
19915 5.76674999392
19917 3.16363852585
19918 3.6834046907
19919 4.28578924568
19921 3.67905864904
19923 4.67725998439
19924 1.9131923799
19925 7.19340702067
19927 5.60803227616
19929 2.78090346901
19930 2.793941594
19932 4.25099911311
19933 5.35793868711
19934 7.23252139563
19935 2.62866121519
19936 3.81172191611
19937 4.02265753164
19939 12.7477056767
19940 3.6464415373
19941 14.2177795216
19943 24.6978070324
19946 4.54242369649
19948 10.5664000419
19950 0.991112171454
19951 3.35721177402
19954 8.79184168945
19956 9.47252039217
19957 3.32239984217
19958 4.23576616801
19959 3.98786739907
19960 1.98059962421
19961 16.5186884992
19963 4.86861661317
19964 4.10529772105
19965 5.23181628181
19966 1.60655665069
19967 4.50109270215
19968 5.75588488977
19969 1.92405748405
19970 3.4594091509
19972 7.43478672712
19973 2.14370698219
19974 5.62761126291
19975 3.80735407517
19977 13.9959788019
19978 3.80518105434
19979 4.4749946529
19980 2.37204856365
19981 1.92623050488
19982 6.56272959634
19983 1.97408056172
19984 6.27132681223
19985 1.78052911283
19987 3.87912916042
19989 7.46310139575
19991 4.08789175513
19992 5.4710447667
19994 4.78817124388
19995 7.87625874423
19996 5.01866404689
19997 3.97046143315
19998 3.03968914138
20000 6.82371008882
20001 5.24702742763
20002 6.39308137659
20004 2.78742253151
20005 7.26083606426
20007 6.28436493722
20010 18.4389482437
20011 0.460480902451
20013 12.4801407239
20014 8.56132708716
20015 9.31158605502
20016 10.3359290382
20017 2.82655870574
20018 4.56632692563
20019 5.53408417008
20020 4.21838200136
20022 6.61712051495
20023 4.70118501281
20024 2.47644076064
20025 4.76857045785
20027 3.12015630996
20030 4.4749946529
20031 3.96176934983
20034 11.0557439151
20035 4.8338264806
20036 6.66492697323
20038 6.78020607365
20039 2.08716484203
20040 13.6958403359
20042 10.1967249093
20044 7.86317702069
20045 7.83927379155
20046 2.90919889514
20048 4.30973607337
20049 7.19990428389
20050 2.79176857317
20052 2.38074064697
20053 7.30864252254
20055 13.2696012639
20057 3.79431595018
20058 11.9626129778
20060 8.0393661022
20061 9.09408777844
20062 6.15822073264
20064 2.20024912235
20065 6.28219191639
20067 5.2905314428
20068 8.86357317615
20069 7.62840357384
20070 4.01179242749
20071 11.4385007712
20072 4.36191037259
20073 3.30499387625
20074 4.27929198246
20075 4.19445697295
20076 4.37279727602
20077 2.40466567539
20078 3.09840430237
20079 11.4863072295
20080 3.81606795777
20081 1.57828558061
20082 4.54242369649
20083 5.2013721909
20084 1.55870659386
20085 3.69861583652
20086 5.15132731396
20087 5.39272881968
20088 5.72111655647
20089 4.68377904689
20090 10.8991774189
20092 2.05454773029
20093 7.24127887678
20094 13.2130591237
20095 2.63083423602
20096 1.16508463359
20097 5.65803355455
20098 2.73522643301
20099 8.0306522196
20100 2.79176857317
20101 3.81606795777
20102 4.84251856393
20104 2.12630101626
20105 4.45541566615
20106 7.11296165138
20107 6.76280010772
20108 3.68123166987
20109 3.27020374367
20110 5.32964581776
20111 2.67216523036
20112 4.9838957136
20113 2.11760893294
20114 2.11108987045
20115 13.9872213207
20116 6.186513602
20119 2.36118345949
20120 5.70153756972
20121 3.97482927409
20122 4.03134961497
20123 9.80742719145
20125 9.52684591294
20127 13.9307663777
20128 12.597658243
20129 23.110259267
20130 0.938916072958
20131 9.89221860241
20132 2.73739945384
20134 5.17090630072
20135 11.6820534985
20136 5.8820726929
20137 11.9169359418
20139 6.82586131037
21634 24.5215307537
21635 22.0009504787
21637 16.146622353
21638 22.2075618519
21639 26.3830753373
21641 25.0108964262
21642 7.21948327065
21644 10.1662154206
21645 10.2771266801
21647 22.8057093615
21648 14.1699076655
21649 23.5733524961
21650 17.5907507435
21651 25.8719794565
21652 14.3590476748
21653 9.83345984287
21655 23.4059208957
21656 22.4859701095
21658 18.0430878648
21659 9.72039736183
21660 11.1078964151
21661 29.2885200914
21664 26.4114118052
21665 27.2334022598
21666 19.7022581204
21667 18.1344201375
21669 17.9473441526
21670 7.68485851689
21671 8.28072400937
21672 11.242732703
21673 18.3670641621
21674 16.6250793228
21675 25.2239396648
21676 25.6501787368
21677 20.6657347211
21678 11.0621975798
21679 21.868396208
21680 22.0968249866
21681 27.9271190875
21683 15.1006363587
21685 13.0825252789
21686 27.8901559341
21687 10.7772920589
21688 15.7769472204
21689 20.1307792097
21690 26.1351765683
21692 18.2648449859
21694 22.505527297
21696 23.88863671
21697 17.299238963
21698 31.0544517584
21699 11.0078066612
21700 25.1674629225
21701 22.5751293614
21703 17.0122476184
21704 13.0193986784
21706 36.382516456
21707 25.5196884906
21709 13.6435788396
21711 19.428239503
21714 20.4330688972
21716 26.3809677143
21717 40.7994314472
21718 30.8760896561
21719 9.26156297736
21720 27.0441750532
21722 25.4631899489
21723 17.4340534517
21725 20.6417442948
21726 20.7004812551
21729 20.437349541
21731 10.8077143505
21732 20.4548427041
21733 14.8940467848
21734 12.6170846348
21735 12.7845598338
21738 21.9292407913
21739 21.8705474296
21742 31.926574287
21743 14.9440044646
21744 9.56378726707
21746 28.0423981879
21747 25.0303882159
21748 30.3889624022
21749 13.667503868
21751 20.1829535089
21753 1.36298212414
21754 17.3796843323
21755 25.1260665303
21756 20.7679102987
21757 14.6309150708
21758 20.9396879407
21761 29.129824173
21762 11.7102591708
21763 29.6560658017
21764 15.6595168985
21765 19.1978120978
21766 36.195593066
21767 32.4420162095
21768 29.971371815
21770 23.4276075055
21771 10.8207742748
21772 19.7610386793
21773 43.6986623287
21774 28.1880995799
21776 23.6038183862
21777 21.3485210468
21778 20.2459929123
21781 28.5817215402
21782 23.1514158672
21783 26.1438686517
21785 32.0875304235
21786 27.3487249587
21788 31.2109964554
21789 19.8697551186
21790 21.1898251283
21791 19.7458057342
21792 16.7794727982
21793 31.4132399876
21794 28.3359957921
21795 15.0701704685
21796 20.8135655354
21797 8.75044529728
21798 21.4942660374
21799 22.4402930735
21802 16.3533427226
21803 14.8810522584
21805 6.97158450171
21808 15.4790035746
21809 15.6116886409
21810 21.5399212741
21811 15.5507786598
21812 15.7791420406
21813 19.0412238023
21814 10.5293496914
21815 13.315212902
21816 14.624374209
21817 13.9588630535
21818 15.0310560935
21819 13.1911981197
21820 9.3941608466
21821 27.6989519002
21822 17.664568054
21823 25.5805984716
21825 5.62976248447
21827 16.1728293987
21828 13.4782984607
21829 24.0038940112
21830 25.4305510379
21832 16.6512209706
21834 24.7977877899
21835 20.3200500147
21836 16.098837694
21837 30.9695949496
21838 17.5581336318
21839 10.4880622956
21841 25.8046812086
21845 24.3084003181
21846 13.7153321255
21847 24.4671398351
21848 10.2901648051
21850 16.677253622
21854 15.7160590386
21855 8.52429853593
21856 24.2236307064
21857 12.5366392655
21858 14.1285330726
21859 23.103544011
21860 17.0448211316
21861 5.08174704882
21863 41.2691745344
21864 8.52649335604
21865 11.8146513678
21866 10.0052810835
21867 30.3454583871
21868 16.4359393134
21869 18.5693076943
21870 14.9397020215
21871 13.1760523718
21872 16.4163385274
21873 28.9579593338
21874 27.5835202048
21875 21.8987313025
21876 22.4598284617
21877 13.2499786786
21878 19.7283561697
21880 12.8758703072
21881 17.7515324857
21883 8.7635488201
21885 21.2051016719
21886 41.8824677921
21887 33.592329003
21888 24.3257844848
21889 40.3688681328
21890 24.4280254602
21891 13.8740934418
21893 32.2418149024
21894 14.278558707
21896 5.39053399958
21897 6.59534670808
21898 18.8889597492
21899 14.6678128263
21901 7.58700718167
21902 26.1330035475
21903 27.0376559908
21904 12.1626616899
21905 23.8103643616
21906 21.3485428461
21908 22.9861354883
21910 23.3645463028
21911 3.60728356379
21912 9.84000070464
21913 28.8318369285
21915 8.48301114014
21916 22.2662770128
21917 2.86788970008
21918 24.3344765681
21919 36.9936584922
21921 17.4015017377
21922 23.3101553842
21923 26.4265575532
21924 24.0734742763
21925 16.5316176278
21926 13.0303073811
21927 11.7667577124
21928 15.9378815576
21929 16.4793343322
21932 23.2340996551
21933 14.4764561975
21934 19.5065772493
21935 15.255029834
21937 16.1532068133
21938 13.3890956103
